# EPIC, Mass, Rad, Teff, Log(Lum), Dist (pc)
60017806  nan  nan  nan  nan  nan
60021410  nan  nan  nan  nan  nan
201092629  0.950000  0.754000  5121.000000  -0.453143  149.460000
201102594  0.349000  0.364000  3697.000000  -1.651705  109.240000
201110617  0.751000  0.695000  4240.000000  -0.851872  150.210000
201111557  0.895000  0.723000  4617.000000  -0.669589  97.180000
201126503  nan  nan  nan  nan  nan
201127519  0.786000  0.782000  4719.000000  -0.563492  117.700000
201128338  0.613000  0.622000  3750.000000  -1.161599  108.450000
201130233  0.790000  0.895000  5458.000000  -0.193525  298.370000
201132684  0.876000  0.941000  5410.000000  -0.165337  197.300000
201147085  nan  nan  nan  nan  nan
201152065  0.721000  0.624000  4207.000000  -0.959046  212.290000
201155177  0.844000  0.742000  4443.000000  -0.713792  396.910000
201160662  1.856000  2.026000  6304.000000  0.766438  666.230000
201164625  4.139000  3.078000  6563.000000  1.199642  1032.420000
201166680  1.106000  1.404000  6320.000000  0.452297  266.860000
201170410  nan  nan  nan  nan  nan
201176672  1.076000  0.842000  4532.000000  -0.569522  333.460000
201180665  0.906000  1.293000  5754.000000  0.217771  601.260000
201182911  0.629000  0.671000  3790.000000  -1.077303  335.630000
201197348  0.828000  0.655000  4276.000000  -0.888672  360.100000
201205469  0.557000  0.565000  3626.000000  -1.303497  182.540000
201208431  0.610000  0.661000  4050.000000  -0.975082  231.830000
201211526  0.862000  0.908000  5721.000000  -0.099246  212.900000
201225286  0.814000  0.821000  5370.000000  -0.296722  171.000000
201227197  0.761000  0.900000  5707.000000  -0.111189  315.360000
201231064  1.466000  4.106000  4876.000000  0.933787  916.320000
201231940  0.011000  0.633000  3983.000000  -1.041657  1138.640000
201238110  0.455000  0.456000  3725.000000  -1.442870  159.260000
201238163  0.615000  0.643000  3932.000000  -1.050429  299.410000
201239401  0.548000  0.550000  3780.000000  -1.254613  190.080000
201247497  0.470000  0.747000  3699.000000  -1.026327  793.130000
201257461  1.155000  5.630000  4857.000000  1.201184  829.250000
201258341  nan  nan  nan  nan  nan
201259803  0.527000  0.547000  3641.000000  -1.324448  325.640000
201264302  0.432000  0.432000  3546.000000  -1.575383  71.890000
201270176  1.380000  1.176000  5185.000000  -0.045496  290.880000
201270464  1.531000  2.495000  7495.000000  1.247922  307.780000
201274010  0.862000  0.860000  5454.000000  -0.229448  501.260000
201291843  0.569000  0.575000  3730.000000  -1.239134  118.960000
201295312  1.201000  1.566000  5937.000000  0.438546  476.700000
201299088  0.960000  3.148000  4979.000000  0.739333  573.990000
201324549  2.137000  2.210000  6236.000000  0.823104  756.800000
201338508  0.570000  0.584000  4039.000000  -1.087384  202.940000
201345483  0.872000  0.764000  4290.000000  -0.749289  495.320000
201352100  0.715000  0.686000  5079.000000  -0.549544  194.200000
201357643  0.747000  1.225000  5810.000000  0.187671  456.060000
201359834  0.604000  0.624000  3582.000000  -1.238434  342.600000
201366540  0.695000  0.720000  4009.000000  -0.918496  328.870000
201367065  0.550000  0.549000  3500.000000  -1.389888  44.070000
201384232  0.928000  0.887000  5721.000000  -0.119570  316.820000
201386739  0.727000  0.916000  5509.000000  -0.157223  703.620000
201390048  0.989000  0.684000  4545.000000  -0.745058  124.430000
201390927  1.616000  1.127000  4087.000000  -0.495839  365.840000
201392505  1.035000  0.757000  4933.000000  -0.514669  273.770000
201393098  1.317000  1.650000  5701.000000  0.413467  738.550000
201403446  1.040000  1.369000  6339.000000  0.435585  449.240000
201407812  2.762000  2.456000  5862.000000  0.807335  649.670000
201427007  0.759000  1.002000  5553.000000  -0.065459  706.390000
201427874  0.949000  0.805000  4700.000000  -0.545322  208.530000
201437844  1.067000  1.279000  6274.000000  0.358614  109.350000
201441872  nan  nan  nan  nan  nan
201445392  0.925000  0.729000  4794.000000  -0.597058  403.510000
201445732  0.797000  1.176000  5851.000000  0.164430  325.850000
201460826  1.550000  1.858000  6043.000000  0.617797  375.670000
201465501  nan  nan  nan  nan  nan
201488365  1.907000  2.310000  6318.000000  0.884237  147.350000
201497682  0.784000  0.689000  4523.000000  -0.747160  253.030000
201498078  0.942000  1.669000  5493.000000  0.358846  213.280000
201505350  1.223000  0.793000  5481.000000  -0.291320  289.830000
201512465  0.250000  0.285000  3577.000000  -1.921540  166.360000
201515470  0.949000  0.786000  4860.000000  -0.507915  345.000000
201516974  1.324000  5.549000  4988.000000  1.234830  792.410000
201518346  nan  nan  nan  nan  nan
201528215  0.651000  0.721000  5374.000000  -0.408244  333.840000
201528828  0.971000  0.807000  5180.000000  -0.374239  134.590000
201534540  nan  nan  nan  nan  nan
201543531  0.977000  1.331000  6077.000000  0.337808  415.740000
201546136  1.014000  0.810000  5219.000000  -0.357986  410.980000
201546283  0.918000  0.855000  5358.000000  -0.265362  249.640000
201549860  0.805000  0.715000  4334.000000  -0.789138  252.600000
201555883  1.380000  0.953000  4268.000000  -0.566222  527.640000
201556134  0.930000  0.720000  4886.000000  -0.574826  393.610000
201561956  0.847000  0.928000  5760.000000  -0.068519  690.860000
201563164  nan  nan  nan  nan  nan
201565013  1.616000  1.201000  4031.000000  -0.464568  1338.230000
201569483  1.710000  1.193000  5185.000000  -0.033029  233.550000
201577017  0.837000  0.673000  4076.000000  -0.948338  303.450000
201577035  0.898000  0.941000  5587.000000  -0.109411  272.360000
201577112  0.359000  0.377000  3650.000000  -1.643451  199.160000
201588420  0.825000  0.686000  4594.000000  -0.723893  219.560000
201595106  0.842000  0.962000  5711.000000  -0.052107  232.100000
201596316  1.284000  0.844000  5314.000000  -0.290934  329.310000
201596733  0.524000  0.524000  3643.000000  -1.360806  113.010000
201598502  0.535000  0.535000  3734.000000  -1.299900  143.130000
201606542  2.206000  1.105000  5359.000000  -0.042246  254.550000
201613023  1.066000  1.137000  5697.000000  0.088801  326.380000
201615463  1.046000  1.581000  6047.000000  0.478718  476.880000
201617985  0.541000  0.541000  3809.000000  -1.255667  126.180000
201619647  0.590000  0.592000  3744.000000  -1.207319  203.220000
201626686  1.552000  2.576000  6161.000000  0.935191  649.930000
201629650  0.958000  0.921000  5672.000000  -0.101841  342.390000
201631267  1.211000  4.342000  4997.000000  1.024912  1217.960000
201635132  0.551000  0.545000  3565.000000  -1.364274  229.950000
201635569  0.612000  0.639000  3841.000000  -1.096526  364.050000
201637175  0.597000  0.601000  3627.000000  -1.249366  243.840000
201647718  1.049000  0.778000  5009.000000  -0.464342  349.880000
201649426  1.199000  0.842000  4722.000000  -0.498177  252.380000
201650711  0.672000  0.699000  3917.000000  -0.984537  91.410000
201654498  0.811000  0.732000  4291.000000  -0.786049  340.430000
201663879  0.927000  0.894000  5369.000000  -0.223057  209.070000
201666578  0.344000  0.359000  3644.000000  -1.688803  114.670000
201677835  0.812000  0.683000  4842.000000  -0.636365  313.760000
201683540  1.559000  1.072000  4467.000000  -0.384852  592.200000
201690311  0.769000  0.710000  4331.000000  -0.796436  457.130000
201702477  1.225000  1.087000  5592.000000  0.017422  835.720000
201705526  3.275000  2.083000  6138.000000  0.744181  235.680000
201713348  0.842000  0.726000  4702.000000  -0.634302  109.750000
201717159  0.559000  0.575000  3627.000000  -1.287779  370.700000
201717274  nan  nan  nan  nan  nan
201720401  1.112000  4.004000  5069.000000  0.979372  2864.210000
201732557  0.560000  0.575000  3649.000000  -1.277274  242.570000
201736247  0.968000  0.770000  5084.000000  -0.447502  493.990000
201754305  0.751000  0.671000  4593.000000  -0.743474  334.970000
201757695  1.790000  1.142000  4473.000000  -0.327577  577.600000
201775904  0.948000  1.275000  6066.000000  0.297325  302.740000
201779067  2.284000  2.475000  5993.000000  0.852422  499.580000
201785059  0.422000  0.427000  3360.000000  -1.679092  87.960000
201793642  0.458000  0.462000  3693.000000  -1.446504  232.350000
201796690  0.246000  0.277000  3749.000000  -1.864684  108.740000
201828749  0.947000  0.993000  5808.000000  0.004700  212.290000
201833600  0.769000  0.660000  4326.000000  -0.861871  257.440000
201837434  0.740000  0.654000  4329.000000  -0.868599  239.510000
201841433  0.827000  0.729000  4679.000000  -0.639238  436.490000
201846824  0.711000  0.758000  3869.000000  -0.935572  270.110000
201855371  0.647000  0.637000  4063.000000  -1.001639  125.110000
201856786  0.670000  0.715000  3630.000000  -1.097067  155.210000
201862715  1.142000  1.176000  5595.000000  0.086710  141.890000
201892470  0.973000  2.018000  5590.000000  0.554184  409.500000
201896171  0.804000  0.957000  5617.000000  -0.085464  489.320000
201912552  0.444000  0.450000  3590.000000  -1.518502  38.030000
201920032  0.846000  0.985000  5642.000000  -0.052701  399.980000
201923289  0.860000  0.889000  5385.000000  -0.222759  442.990000
201925324  0.800000  0.704000  4241.000000  -0.840287  357.010000
201927336  0.778000  0.874000  5428.000000  -0.223723  365.790000
201928106  0.474000  0.492000  3606.000000  -1.433272  303.400000
201929294  1.285000  7.540000  4857.000000  1.454910  2140.250000
202059377  nan  nan  nan  nan  nan
202060800  nan  nan  nan  nan  nan
202062450  nan  nan  nan  nan  nan
202064253  nan  nan  nan  nan  nan
202065819  nan  nan  nan  nan  nan
202066192  nan  nan  nan  nan  nan
202066537  nan  nan  nan  nan  nan
202066811  nan  nan  nan  nan  nan
202071289  nan  nan  nan  nan  nan
202071401  nan  nan  nan  nan  nan
202071635  nan  nan  nan  nan  nan
202071645  nan  nan  nan  nan  nan
202071725  nan  nan  nan  nan  nan
202072596  nan  nan  nan  nan  nan
202072965  nan  nan  nan  nan  nan
202083828  nan  nan  nan  nan  nan
202084970  nan  nan  nan  nan  nan
202085553  nan  nan  nan  nan  nan
202085597  nan  nan  nan  nan  nan
202085698  nan  nan  nan  nan  nan
202085934  nan  nan  nan  nan  nan
202086291  nan  nan  nan  nan  nan
202086968  nan  nan  nan  nan  nan
202088212  nan  nan  nan  nan  nan
202089657  nan  nan  nan  nan  nan
202090152  nan  nan  nan  nan  nan
202090723  nan  nan  nan  nan  nan
202090737  nan  nan  nan  nan  nan
202091388  nan  nan  nan  nan  nan
202092480  nan  nan  nan  nan  nan
202092559  nan  nan  nan  nan  nan
202092782  nan  nan  nan  nan  nan
202093020  nan  nan  nan  nan  nan
202093968  nan  nan  nan  nan  nan
202094740  nan  nan  nan  nan  nan
202126847  nan  nan  nan  nan  nan
202126849  nan  nan  nan  nan  nan
202126852  nan  nan  nan  nan  nan
202126853  nan  nan  nan  nan  nan
202126884  nan  nan  nan  nan  nan
202126887  nan  nan  nan  nan  nan
202126888  nan  nan  nan  nan  nan
202137637  nan  nan  nan  nan  nan
202139294  nan  nan  nan  nan  nan
202565282  1.542000  3.337000  5386.000000  0.926473  1565.840000
202600948  0.849000  1.026000  5930.000000  0.069208  144.190000
202634963  1.540000  1.840000  6576.000000  0.756178  603.860000
202675839  0.897000  1.557000  5888.000000  0.419143  427.210000
202688980  1.463000  1.790000  6716.000000  0.768844  462.950000
202710713  4.222000  60.134000  4001.000000  2.921609  4791.680000
202774883  1.445000  7.894000  4511.000000  1.366380  3363.810000
202821899  nan  nan  nan  nan  nan
202843107  nan  nan  nan  nan  nan
202893157  2.852000  46.616000  4065.000000  2.728007  9319.510000
202900527  nan  nan  nan  nan  nan
202963882  0.633000  0.852000  4848.000000  -0.442176  142.250000
202971774  0.928000  1.663000  5393.000000  0.323801  349.370000
203042994  1.615000  1.412000  5342.000000  0.165180  666.560000
203070421  2.129000  2.505000  6921.000000  1.112986  880.660000
203099398  0.617000  0.629000  3762.000000  -1.146329  35.430000
203139512  0.355000  0.429000  4113.000000  -1.323756  111.940000
203294831  nan  nan  nan  nan  nan
203311200  1.485000  1.913000  6400.000000  0.742845  511.440000
203476597  nan  nan  nan  nan  nan
203485624  2.297000  2.461000  7088.000000  1.139013  523.660000
203518244  2.057000  2.351000  6028.000000  0.817893  676.490000
203533312  2.639000  2.635000  6720.000000  1.105733  555.170000
203560204  0.525000  0.535000  3463.000000  -1.430788  148.370000
203581469  nan  nan  nan  nan  nan
203616858  nan  nan  nan  nan  nan
203623230  nan  nan  nan  nan  nan
203633064  1.803000  2.054000  6213.000000  0.753101  685.820000
203692610  0.511000  0.523000  3265.000000  -1.552769  161.740000
203710387  0.470000  0.485000  3301.000000  -1.599240  166.170000
203753577  nan  nan  nan  nan  nan
203771098  nan  nan  nan  nan  nan
203776696  2.143000  2.118000  6177.000000  0.769657  1038.410000
203784668  nan  nan  nan  nan  nan
203823381  0.560000  0.996000  5208.000000  -0.182103  269.140000
203826436  1.034000  0.836000  5009.000000  -0.401889  179.940000
203849738  0.585000  0.600000  3290.000000  -1.420219  147.460000
203867512  nan  nan  nan  nan  nan
203868608  nan  nan  nan  nan  nan
203914123  1.548000  12.294000  5232.000000  2.008752  446.910000
203925865  nan  nan  nan  nan  nan
203929178  nan  nan  nan  nan  nan
203942067  1.392000  1.698000  6143.000000  0.568092  441.990000
204043888  1.555000  1.779000  6413.000000  0.683292  809.460000
204057095  0.885000  1.176000  5911.000000  0.182153  239.550000
204124270  nan  nan  nan  nan  nan
204128016  0.994000  1.273000  5812.000000  0.221654  334.820000
204129699  nan  nan  nan  nan  nan
204143627  0.503000  0.513000  3250.000000  -1.577537  138.150000
204165788  nan  nan  nan  nan  nan
204197636  1.058000  0.838000  5031.000000  -0.392200  290.680000
204221263  0.859000  1.142000  5654.000000  0.079450  192.690000
204276894  nan  nan  nan  nan  nan
204308061  nan  nan  nan  nan  nan
204312847  nan  nan  nan  nan  nan
204322265  0.359000  0.373000  3632.000000  -1.661304  102.890000
204346718  nan  nan  nan  nan  nan
204364515  nan  nan  nan  nan  nan
204432860  0.753000  1.200000  5071.000000  -0.066568  144.020000
204489514  nan  nan  nan  nan  nan
204506777  2.122000  2.704000  5348.000000  0.731474  144.950000
204529573  0.770000  0.689000  4489.000000  -0.760268  60.530000
204546592  1.064000  8.045000  5028.000000  1.571328  509.050000
204576757  1.346000  1.170000  5623.000000  0.090939  423.410000
204579445  0.898000  1.125000  5782.000000  0.105312  273.870000
204634789  0.918000  1.194000  5889.000000  0.188870  305.340000
204649811  1.378000  1.918000  7014.000000  0.904255  528.030000
204658292  0.918000  0.725000  4814.000000  -0.594605  366.940000
204676499  0.798000  0.892000  5379.000000  -0.221769  559.820000
204750116  0.823000  1.051000  5561.000000  -0.021488  187.220000
204760247  nan  nan  nan  nan  nan
204763194  nan  nan  nan  nan  nan
204873331  nan  nan  nan  nan  nan
204880394  nan  nan  nan  nan  nan
204882444  0.804000  0.896000  4203.000000  -0.646452  144.090000
204884005  nan  nan  nan  nan  nan
204888276  nan  nan  nan  nan  nan
204890128  nan  nan  nan  nan  nan
204914585  1.126000  1.221000  5725.000000  0.159228  337.990000
204990932  0.789000  0.925000  5526.000000  -0.143378  293.870000
204991696  1.073000  1.296000  5706.000000  0.205232  166.760000
205029914  nan  nan  nan  nan  nan
205040048  0.338000  0.351000  3629.000000  -1.715543  91.040000
205046529  nan  nan  nan  nan  nan
205047565  nan  nan  nan  nan  nan
205050711  4.763000  4.035000  7257.000000  1.609410  684.620000
205064326  1.623000  5.474000  4700.000000  1.119696  933.200000
205071984  0.953000  0.831000  5313.000000  -0.304744  157.680000
205084841  2.021000  1.279000  5323.000000  0.073062  843.770000
205111664  0.825000  0.940000  5601.000000  -0.105987  185.950000
205117205  0.698000  0.756000  3499.000000  -1.112486  139.270000
205145448  1.165000  1.106000  5484.000000  -0.001405  233.890000
205146011  0.961000  0.937000  5341.000000  -0.191336  265.260000
205148699  1.394000  1.710000  5878.000000  0.497605  476.350000
205152172  0.718000  0.768000  3880.000000  -0.919256  157.820000
205170731  nan  nan  nan  nan  nan
205205452  nan  nan  nan  nan  nan
205224877  0.499000  0.520000  3624.000000  -1.376546  272.330000
205242733  nan  nan  nan  nan  nan
205252523  0.755000  0.997000  5797.000000  0.004898  533.780000
205377483  nan  nan  nan  nan  nan
205463986  1.132000  1.611000  5533.000000  0.340728  223.180000
205470347  0.905000  0.708000  4910.000000  -0.580913  103.820000
205483055  1.074000  1.001000  5827.000000  0.017343  289.570000
205483258  nan  nan  nan  nan  nan
205489894  0.499000  0.495000  3686.000000  -1.389874  45.770000
205503762  0.924000  1.312000  5700.000000  0.214062  381.070000
205530323  nan  nan  nan  nan  nan
205570849  0.954000  1.201000  5755.000000  0.153962  314.230000
205618538  1.747000  2.268000  6151.000000  0.821764  715.210000
205632508  0.609000  0.694000  3981.000000  -0.962618  143.290000
205652650  0.511000  0.514000  3758.000000  -1.323552  129.060000
205686202  1.355000  1.021000  5235.000000  -0.151587  274.300000
205703094  nan  nan  nan  nan  nan
205904628  1.118000  1.499000  6102.000000  0.448187  80.900000
205916793  0.617000  0.647000  3961.000000  -1.032277  174.960000
205924614  0.744000  0.720000  4187.000000  -0.843028  159.520000
205938820  0.734000  0.860000  5676.000000  -0.160139  326.360000
205939498  2.043000  2.223000  6432.000000  0.881958  515.080000
205944181  0.985000  0.852000  5266.000000  -0.298503  239.560000
205947161  1.250000  1.596000  6104.000000  0.503219  338.490000
205947214  0.896000  0.969000  4006.000000  -0.661814  589.470000
205950854  0.786000  0.886000  5507.000000  -0.186778  243.940000
205951125  0.737000  0.748000  4495.000000  -0.686583  271.150000
205957328  0.981000  0.797000  5300.000000  -0.345285  223.000000
205962305  nan  nan  nan  nan  nan
205969319  0.951000  1.303000  5968.000000  0.287899  559.220000
205976958  0.532000  0.543000  3573.000000  -1.363574  265.010000
205981465  nan  nan  nan  nan  nan
205990339  2.296000  1.523000  4272.000000  -0.157381  1888.320000
205996447  1.073000  0.963000  3904.000000  -0.712013  450.910000
205998649  1.004000  1.900000  5522.000000  0.480588  869.210000
205999468  0.930000  0.754000  5016.000000  -0.489132  243.760000
206007892  0.903000  0.938000  5424.000000  -0.163621  235.870000
206008091  0.877000  1.095000  5742.000000  0.069776  392.870000
206011496  0.815000  0.925000  5390.000000  -0.186667  138.670000
206011691  0.658000  0.669000  3933.000000  -1.015557  83.640000
206011849  0.790000  0.693000  4342.000000  -0.813080  302.060000
206024342  0.674000  0.861000  5703.000000  -0.150886  369.890000
206026136  0.783000  0.676000  4368.000000  -0.824281  264.210000
206026904  1.037000  0.808000  5052.000000  -0.416629  181.750000
206027655  0.827000  0.676000  4867.000000  -0.636367  311.310000
206028176  1.145000  1.428000  6430.000000  0.496995  543.350000
206029242  0.606000  1.046000  5589.000000  -0.016905  271.390000
206029450  0.586000  0.573000  3900.000000  -1.164738  336.880000
206031623  0.894000  1.124000  6169.000000  0.217086  322.530000
206032309  nan  nan  nan  nan  nan
206036749  1.036000  1.103000  5495.000000  -0.000283  432.460000
206038483  0.933000  1.438000  5644.000000  0.276561  491.870000
206042996  0.623000  0.666000  3961.000000  -1.007137  451.770000
206044803  0.778000  0.985000  5743.000000  -0.021878  405.730000
206047055  0.820000  1.843000  5537.000000  0.458843  569.820000
206049452  nan  nan  nan  nan  nan
206049764  1.179000  2.340000  5089.000000  0.519656  606.130000
206055981  0.756000  0.625000  4348.000000  -0.900387  176.960000
206056433  2.610000  1.446000  4462.000000  -0.126850  396.560000
206061524  0.955000  0.801000  4064.000000  -0.802225  282.600000
206065006  0.510000  0.555000  3605.000000  -1.329098  467.300000
206082454  0.923000  0.863000  5509.000000  -0.208993  249.740000
206096602  0.801000  0.695000  4438.000000  -0.772586  112.470000
206101302  0.940000  1.319000  5764.000000  0.238080  517.530000
206103150  0.880000  1.119000  5645.000000  0.059011  264.780000
206114294  0.575000  0.597000  3639.000000  -1.249428  322.970000
206114630  1.019000  0.790000  4967.000000  -0.465674  103.630000
206119924  0.745000  0.721000  4257.000000  -0.813020  49.390000
206125618  0.931000  0.856000  5455.000000  -0.233179  499.890000
206133795  1.057000  1.741000  5485.000000  0.392999  379.340000
206135075  1.557000  1.781000  6587.000000  0.730773  585.960000
206135170  0.852000  0.784000  4253.000000  -0.741892  730.700000
206135267  nan  nan  nan  nan  nan
206135682  0.746000  0.663000  4663.000000  -0.727617  206.610000
206144956  nan  nan  nan  nan  nan
206146957  0.735000  0.881000  5682.000000  -0.137349  185.550000
206151047  0.804000  1.054000  5914.000000  0.087901  612.030000
206152015  0.245000  0.599000  6119.000000  -0.343730  132.260000
206153219  1.306000  1.756000  5906.000000  0.528918  513.880000
206154641  0.961000  1.275000  6047.000000  0.291875  294.000000
206155547  1.335000  1.568000  6000.000000  0.457992  1574.050000
206155922  0.991000  0.780000  5075.000000  -0.439372  215.140000
206159027  0.830000  0.683000  4685.000000  -0.693626  168.650000
206162305  0.525000  0.529000  3671.000000  -1.339256  180.700000
206169157  1.407000  1.714000  6441.000000  0.658530  308.980000
206169375  0.932000  1.281000  6083.000000  0.306264  521.310000
206175552  1.470000  1.686000  5889.000000  0.488576  857.090000
206181769  1.023000  0.770000  5093.000000  -0.444429  232.960000
206192335  0.794000  0.787000  5433.000000  -0.313197  186.840000
206192813  nan  nan  nan  nan  nan
206208956  1.121000  1.607000  5736.000000  0.401163  591.770000
206209135  0.310000  0.328000  3636.000000  -1.771062  66.430000
206215704  0.219000  0.252000  3791.000000  -1.927489  109.890000
206226146  0.973000  0.837000  5332.000000  -0.292294  387.010000
206245553  0.758000  1.057000  5816.000000  0.061342  269.180000
206247743  1.469000  3.058000  4912.000000  0.690603  307.470000
206260577  1.505000  1.749000  6367.000000  0.656014  754.780000
206262341  0.851000  0.984000  5837.000000  0.005444  364.330000
206267115  nan  nan  nan  nan  nan
206268084  0.827000  0.991000  5558.000000  -0.073484  763.770000
206268299  0.866000  1.037000  5982.000000  0.093638  377.820000
206298289  0.520000  0.522000  3706.000000  -1.334343  150.280000
206311743  1.212000  2.390000  4931.000000  0.483231  656.670000
206312951  0.520000  0.521000  3712.000000  -1.333198  144.940000
206315178  0.994000  0.897000  3874.000000  -0.787082  829.860000
206317286  0.832000  0.758000  4752.000000  -0.578461  314.350000
206318379  nan  nan  nan  nan  nan
206329937  nan  nan  nan  nan  nan
206344313  0.575000  0.585000  3698.000000  -1.239126  324.320000
206348688  1.198000  1.481000  5867.000000  0.369469  561.930000
206358352  1.289000  1.672000  6030.000000  0.522437  796.900000
206360885  nan  nan  nan  nan  nan
206369173  1.188000  17.354000  4536.000000  2.060186  1991.320000
206403979  nan  nan  nan  nan  nan
206414361  0.529000  0.535000  3613.000000  -1.357126  152.540000
206417197  nan  nan  nan  nan  nan
206432863  nan  nan  nan  nan  nan
206439513  nan  nan  nan  nan  nan
206476150  0.932000  0.993000  5472.000000  -0.098822  291.340000
206500801  1.043000  1.611000  5671.000000  0.383524  399.400000
206532093  nan  nan  nan  nan  nan
206535016  0.835000  0.758000  5238.000000  -0.409305  157.920000
206543223  2.051000  1.164000  5562.000000  0.067525  241.840000
207389002  nan  nan  nan  nan  nan
207517400  nan  nan  nan  nan  nan
207739861  nan  nan  nan  nan  nan
208445756  nan  nan  nan  nan  nan
208833261  nan  nan  nan  nan  nan
209036259  nan  nan  nan  nan  nan
209286622  nan  nan  nan  nan  nan
210363145  0.997000  0.791000  4778.000000  -0.531968  141.730000
210365511  4.404000  1.829000  4336.000000  0.027479  307.790000
210371175  0.766000  1.109000  5696.000000  0.066838  349.770000
210384192  0.602000  0.660000  3719.000000  -1.124513  386.470000
210389383  1.187000  1.650000  5895.000000  0.471598  511.320000
210394706  0.585000  0.637000  3852.000000  -1.094281  161.500000
210400751  0.778000  0.764000  5056.000000  -0.463890  146.900000
210401157  nan  nan  nan  nan  nan
210402237  1.106000  1.247000  5604.000000  0.140420  256.010000
210403955  0.950000  0.845000  5238.000000  -0.314930  200.800000
210414957  1.257000  2.063000  5572.000000  0.567738  474.610000
210423938  0.772000  0.702000  4464.000000  -0.753734  148.950000
210448987  0.867000  0.723000  4709.000000  -0.635314  252.320000
210463428  0.490000  0.493000  3790.000000  -1.345055  97.620000
210472483  2.143000  3.033000  5703.000000  0.942853  956.800000
210483889  0.706000  6.023000  4886.000000  1.270134  1741.970000
210490365  0.265000  0.292000  3380.000000  -1.998873  44.960000
210495066  0.488000  0.490000  3686.000000  -1.398692  139.320000
210508766  0.560000  0.562000  3870.000000  -1.194989  125.530000
210512842  0.616000  0.949000  5573.000000  -0.106417  228.640000
210513446  1.270000  0.917000  5124.000000  -0.282130  318.400000
210524811  0.313000  0.334000  3735.000000  -1.708650  106.000000
210550063  1.085000  1.150000  6194.000000  0.243975  216.410000
210558622  0.784000  0.703000  4252.000000  -0.837022  99.930000
210559259  0.877000  0.697000  5009.000000  -0.559836  254.160000
210564155  0.275000  0.298000  3715.000000  -1.817037  59.970000
210576234  1.926000  1.380000  5713.000000  0.261910  267.020000
210577548  1.071000  0.856000  5143.000000  -0.335492  284.880000
210598340  2.097000  2.313000  6573.000000  0.954101  798.460000
210605073  nan  nan  nan  nan  nan
210609658  1.403000  3.205000  4790.000000  0.687693  644.680000
210625740  0.289000  0.321000  3622.000000  -1.796501  245.860000
210626797  0.973000  1.477000  6463.000000  0.535192  647.060000
210629082  1.592000  1.889000  6172.000000  0.668862  386.600000
210643811  1.134000  1.615000  5938.000000  0.465601  247.270000
210659688  0.343000  0.363000  3629.000000  -1.686344  165.300000
210659945  0.518000  0.559000  3630.000000  -1.310855  191.880000
210664763  0.816000  0.964000  5917.000000  0.011255  360.780000
210666756  nan  nan  nan  nan  nan
210667381  1.024000  0.854000  5378.000000  -0.259906  247.300000
210678858  1.073000  0.786000  5058.000000  -0.438545  218.680000
210693462  0.524000  0.521000  3703.000000  -1.337415  69.850000
210696763  0.307000  0.327000  3653.000000  -1.765611  93.150000
210707130  0.757000  0.699000  4183.000000  -0.870399  97.220000
210718708  0.722000  0.824000  5180.000000  -0.356132  258.700000
210731500  0.816000  1.351000  5654.000000  0.225429  491.240000
210736056  0.304000  0.326000  3733.000000  -1.730638  143.700000
210744674  1.873000  1.884000  6317.000000  0.706900  537.210000
210750726  0.439000  0.439000  3750.000000  -1.464251  110.560000
210754505  1.231000  1.715000  6029.000000  0.544204  568.750000
210769880  1.121000  10.977000  4877.000000  1.788273  753.250000
210775710  0.993000  1.028000  5765.000000  0.021878  245.960000
210777017  0.737000  0.703000  4256.000000  -0.835388  220.330000
210789323  2.209000  1.241000  4971.000000  -0.071987  402.790000
210801536  nan  nan  nan  nan  nan
210813978  1.089000  0.857000  4713.000000  -0.486154  274.070000
210818897  1.411000  1.266000  5170.000000  0.013524  108.200000
210827030  nan  nan  nan  nan  nan
210838726  0.536000  0.534000  3761.000000  -1.289009  86.040000
210843708  1.688000  8.923000  4669.000000  1.532612  1740.920000
210848071  0.857000  1.118000  5652.000000  0.060387  179.460000
210852232  0.753000  0.887000  5291.000000  -0.255307  327.980000
210857328  1.142000  1.701000  5938.000000  0.510664  492.170000
210877025  nan  nan  nan  nan  nan
210894022  nan  nan  nan  nan  nan
210897587  0.587000  0.584000  3893.000000  -1.151342  72.800000
210903662  nan  nan  nan  nan  nan
210925707  2.806000  2.956000  6182.000000  1.060620  257.530000
210933299  0.354000  0.367000  3602.000000  -1.689798  93.110000
210935498  nan  nan  nan  nan  nan
210954046  nan  nan  nan  nan  nan
210956385  0.871000  0.890000  5382.000000  -0.222751  488.500000
210957318  1.019000  0.971000  5387.000000  -0.145479  333.040000
210958990  1.726000  1.437000  6256.000000  0.454795  447.300000
210961508  1.317000  2.858000  4935.000000  0.639968  651.920000
210965800  0.730000  0.863000  5924.000000  -0.082823  214.750000
210968143  0.659000  0.711000  3865.000000  -0.992968  134.190000
211002562  1.491000  2.158000  5826.000000  0.684280  674.500000
211009047  nan  nan  nan  nan  nan
211048999  1.109000  0.745000  4888.000000  -0.544468  190.810000
211058748  2.001000  1.169000  5034.000000  -0.102023  374.260000
211064647  0.958000  1.544000  5662.000000  0.343869  1065.450000
211077024  0.349000  0.364000  3585.000000  -1.705146  62.580000
211082420  nan  nan  nan  nan  nan
211087003  0.890000  1.023000  5847.000000  0.042178  251.120000
211089792  nan  nan  nan  nan  nan
211093684  0.892000  0.742000  4834.000000  -0.567271  133.000000
211106187  0.842000  8.930000  4982.000000  1.646013  2830.270000
211107835  0.780000  0.678000  4393.000000  -0.811801  163.020000
211133138  nan  nan  nan  nan  nan
211147528  0.939000  1.670000  7418.000000  0.881275  550.360000
211152484  1.515000  1.929000  6275.000000  0.715814  481.570000
211158357  nan  nan  nan  nan  nan
211169300  1.355000  1.975000  5940.000000  0.640975  664.060000
211201576  1.764000  1.453000  5996.000000  0.390672  564.410000
211305568  0.471000  0.466000  3740.000000  -1.417047  90.160000
211308899  0.910000  5.728000  5125.000000  1.309476  3433.040000
211311380  1.147000  1.309000  6352.000000  0.400216  106.290000
211314705  0.418000  0.426000  3647.000000  -1.538743  91.720000
211315836  nan  nan  nan  nan  nan
211319617  0.698000  0.719000  5273.000000  -0.443616  203.900000
211327855  0.968000  0.836000  5257.000000  -0.317941  345.760000
211328748  0.939000  1.263000  5815.000000  0.215700  148.000000
211331236  0.516000  0.514000  3777.000000  -1.314791  101.630000
211333233  nan  nan  nan  nan  nan
211335816  1.515000  1.722000  6133.000000  0.577453  528.470000
211336288  0.578000  0.570000  3730.000000  -1.246720  200.750000
211336616  1.016000  10.396000  4874.000000  1.739969  2843.740000
211342524  1.329000  1.721000  5895.000000  0.508192  598.190000
211351816  1.583000  4.480000  4643.000000  0.924445  878.430000
211355342  0.815000  1.052000  5502.000000  -0.039191  360.910000
211357309  0.494000  0.493000  3620.000000  -1.424777  68.880000
211359660  1.180000  0.778000  5181.000000  -0.405692  154.830000
211365543  1.260000  1.517000  6191.000000  0.483709  516.830000
211372788  1.435000  1.561000  5566.000000  0.323673  1158.050000
211375488  nan  nan  nan  nan  nan
211383821  0.740000  0.638000  4256.000000  -0.919657  228.660000
211390903  2.024000  9.062000  4618.000000  1.526959  2172.670000
211391664  1.278000  1.525000  6200.000000  0.490801  518.620000
211397774  1.087000  0.991000  5316.000000  -0.150818  1263.420000
211397844  1.241000  5.399000  5023.000000  1.223174  2010.240000
211399359  0.958000  0.736000  4925.000000  -0.541925  442.810000
211401787  1.123000  1.445000  6310.000000  0.474548  160.130000
211402878  0.664000  0.705000  3840.000000  -1.011602  223.670000
211407755  0.598000  0.593000  4504.000000  -0.884802  307.600000
211408138  nan  nan  nan  nan  nan
211409299  1.082000  1.263000  5685.000000  0.176423  296.220000
211411891  0.718000  0.979000  5545.000000  -0.088134  344.670000
211413463  0.758000  0.662000  4110.000000  -0.948222  956.300000
211413752  1.159000  0.760000  5040.000000  -0.473956  327.780000
211418290  0.904000  2.625000  5302.000000  0.690712  485.950000
211418729  0.989000  0.804000  5089.000000  -0.408263  475.760000
211419451  0.913000  0.946000  5432.000000  -0.153684  586.560000
211422822  1.242000  0.953000  4784.000000  -0.367955  880.730000
211424769  1.069000  1.408000  5908.000000  0.337662  121.880000
211425822  0.715000  0.956000  5766.000000  -0.040891  1039.390000
211428897  0.405000  0.408000  3780.000000  -1.514018  47.580000
211429934  nan  nan  nan  nan  nan
211430148  1.344000  1.566000  5424.000000  0.281557  1356.660000
211431013  1.882000  2.036000  5483.000000  0.528323  1639.650000
211432103  2.427000  2.659000  6185.000000  0.969490  323.040000
211432167  3.136000  2.877000  6555.000000  1.138865  177.060000
211432176  nan  nan  nan  nan  nan
211432922  0.349000  0.499000  3636.000000  -1.406609  684.540000
211432946  nan  nan  nan  nan  nan
211439059  1.267000  0.954000  5397.000000  -0.157599  343.030000
211442297  0.696000  0.868000  5680.000000  -0.150872  413.590000
211442571  0.722000  0.889000  5662.000000  -0.135622  350.670000
211449931  1.430000  1.198000  5423.000000  0.048567  965.220000
211452175  2.038000  2.471000  5905.000000  0.825320  870.320000
211453076  nan  nan  nan  nan  nan
211453223  1.208000  1.040000  4968.000000  -0.226512  656.240000
211468153  2.368000  1.574000  4908.000000  0.112322  892.770000
211469889  0.883000  0.707000  4903.000000  -0.584619  443.530000
211471048  1.390000  1.693000  8176.000000  1.062172  1242.660000
211477347  0.947000  1.336000  6835.000000  0.545262  2809.890000
211490299  0.793000  0.710000  4333.000000  -0.795634  648.690000
211490999  0.847000  0.922000  5479.000000  -0.161038  463.880000
211491383  1.068000  1.442000  6179.000000  0.436298  360.760000
211492384  1.180000  1.555000  5975.000000  0.443507  543.660000
211492449  1.387000  10.208000  4591.000000  1.620205  4471.440000
211492541  2.953000  2.068000  7606.000000  1.110421  1050.380000
211493669  1.414000  1.060000  4973.000000  -0.208220  336.040000
211502222  0.957000  1.043000  5866.000000  0.064632  211.430000
211503824  0.844000  0.964000  5945.000000  0.019456  209.240000
211505089  0.764000  0.717000  4394.000000  -0.762827  172.930000
211509553  0.533000  0.538000  3772.000000  -1.277454  268.690000
211509665  1.082000  1.164000  5628.000000  0.088017  1871.140000
211510580  0.344000  0.361000  3604.000000  -1.703152  100.610000
211516501  1.184000  1.526000  5955.000000  0.421331  580.850000
211524114  1.887000  7.476000  4478.000000  1.306370  911.720000
211524558  1.475000  1.043000  5109.000000  -0.175393  510.110000
211525389  0.854000  0.891000  5420.000000  -0.209553  197.990000
211525753  nan  nan  nan  nan  nan
211526186  2.904000  2.996000  5946.000000  1.004678  1262.450000
211529065  0.929000  0.764000  4747.000000  -0.573442  280.520000
211529129  nan  nan  nan  nan  nan
211533633  0.583000  0.589000  3600.000000  -1.279865  108.030000
211534342  1.267000  0.893000  4793.000000  -0.421173  861.470000
211535327  0.927000  0.842000  5289.000000  -0.301187  488.570000
211535481  1.157000  0.942000  5224.000000  -0.225191  912.020000
211537087  nan  nan  nan  nan  nan
211538193  nan  nan  nan  nan  nan
211539054  1.158000  1.486000  6138.000000  0.450840  229.570000
211540348  nan  nan  nan  nan  nan
211541590  0.406000  0.409000  3620.000000  -1.587024  76.610000
211543616  1.813000  1.218000  4945.000000  -0.097346  1256.050000
211544257  2.019000  1.614000  5926.000000  0.461548  545.350000
211546613  0.481000  0.493000  3669.000000  -1.401421  272.640000
211551160  0.758000  0.664000  4435.000000  -0.813395  264.910000
211552050  0.783000  0.718000  4587.000000  -0.686941  215.370000
211562654  0.945000  0.982000  5281.000000  -0.170218  329.040000
211563123  2.860000  3.015000  6047.000000  1.039429  1221.610000
211569704  1.715000  11.101000  4523.000000  1.667125  1700.470000
211572511  0.669000  0.871000  5706.000000  -0.139942  214.160000
211578235  1.379000  1.138000  5451.000000  0.012884  763.080000
211579112  0.263000  0.291000  3688.000000  -1.850356  123.200000
211579683  1.056000  0.789000  4750.000000  -0.544377  362.710000
211586387  0.756000  0.666000  4545.000000  -0.768221  323.190000
211589784  1.177000  1.338000  5728.000000  0.239619  359.280000
211594205  1.090000  0.766000  5243.000000  -0.398528  75.590000
211600389  1.379000  1.723000  6340.000000  0.635622  1495.880000
211600632  nan  nan  nan  nan  nan
211604981  2.856000  2.421000  6439.000000  0.957958  1133.610000
211606790  0.932000  1.681000  5516.000000  0.372327  431.460000
211607670  1.306000  1.452000  6309.000000  0.478470  657.880000
211607804  1.680000  1.935000  5554.000000  0.506480  1212.710000
211611139  nan  nan  nan  nan  nan
211611158  0.833000  0.901000  5721.000000  -0.105968  268.360000
211613886  1.705000  1.150000  5358.000000  -0.007899  352.390000
211616939  1.466000  9.952000  4690.000000  1.635207  1523.800000
211619120  1.256000  4.113000  4946.000000  0.960029  1179.640000
211619805  nan  nan  nan  nan  nan
211619879  nan  nan  nan  nan  nan
211620138  nan  nan  nan  nan  nan
211621644  1.035000  1.210000  5535.000000  0.092736  1437.760000
211621961  1.736000  2.155000  5000.000000  0.417469  3503.830000
211625003  1.104000  1.507000  5637.000000  0.315113  514.010000
211626490  2.019000  1.831000  8498.000000  1.197338  1405.010000
211630537  2.206000  1.514000  5590.000000  0.304594  974.490000
211631538  0.955000  0.760000  4877.000000  -0.531067  411.230000
211631904  1.078000  0.852000  4696.000000  -0.497514  363.730000
211638401  0.558000  0.564000  3631.000000  -1.302642  137.780000
211638883  1.015000  1.404000  6226.000000  0.426265  585.580000
211639283  0.887000  2.346000  4827.000000  0.430060  1574.300000
211642307  0.479000  0.484000  3634.000000  -1.434075  136.930000
211642882  0.564000  0.735000  4785.000000  -0.593203  310.200000
211644647  1.025000  2.530000  5486.000000  0.717959  1152.340000
211645912  0.770000  0.964000  5767.000000  -0.033351  348.570000
211647930  0.893000  1.189000  5763.000000  0.147653  343.990000
211649214  1.219000  4.296000  4948.000000  0.998542  2881.500000
211651743  2.117000  2.352000  7494.000000  1.196424  2574.170000
211662047  1.354000  0.977000  4748.000000  -0.359473  599.930000
211663508  0.694000  0.880000  5740.000000  -0.120692  655.350000
211663688  nan  nan  nan  nan  nan
211664543  0.627000  0.638000  4018.000000  -1.019624  405.700000
211673349  0.794000  0.692000  4293.000000  -0.834050  300.050000
211680698  0.935000  0.760000  4829.000000  -0.548249  321.720000
211682423  0.963000  1.257000  6273.000000  0.343266  530.430000
211682544  0.960000  0.866000  5358.000000  -0.254259  162.480000
211685045  0.530000  0.532000  3650.000000  -1.344311  201.710000
211694226  0.533000  0.540000  3490.000000  -1.409216  132.810000
211705654  1.237000  1.597000  5301.000000  0.258736  377.690000
211710534  2.163000  1.967000  6482.000000  0.789140  720.980000
211713099  0.852000  0.968000  5648.000000  -0.065976  564.450000
211718105  2.001000  2.258000  6144.000000  0.815947  1793.740000
211718187  0.388000  0.399000  3635.000000  -1.601342  159.940000
211719484  1.550000  2.079000  5962.000000  0.691972  807.270000
211721325  1.857000  1.201000  5200.000000  -0.022206  1241.860000
211730024  1.095000  1.450000  6296.000000  0.473690  371.820000
211730267  nan  nan  nan  nan  nan
211731298  1.298000  0.788000  5204.000000  -0.386904  288.240000
211732801  2.765000  2.400000  6147.000000  0.869770  421.760000
211733267  1.119000  0.903000  5218.000000  -0.263913  213.500000
211736305  1.026000  0.803000  5132.000000  -0.394728  546.070000
211736671  1.053000  1.712000  5571.000000  0.405435  477.290000
211737652  0.842000  1.049000  6080.000000  0.131860  3281.300000
211738534  0.448000  0.458000  3548.000000  -1.523640  179.560000
211741619  0.599000  0.605000  3740.000000  -1.190308  124.360000
211743874  1.041000  1.353000  6273.000000  0.407191  557.990000
211744153  1.063000  2.984000  5431.000000  0.843812  2652.550000
211750072  0.893000  1.210000  5887.000000  0.199842  567.960000
211754962  0.647000  0.666000  3887.000000  -1.039899  185.770000
211759163  0.029000  0.204000  5448.000000  -1.481097  190.900000
211762841  0.606000  0.613000  3870.000000  -1.119540  239.730000
211763214  0.842000  0.795000  5288.000000  -0.351405  239.290000
211764271  nan  nan  nan  nan  nan
211764373  nan  nan  nan  nan  nan
211768007  1.629000  2.325000  6003.000000  0.801014  1794.750000
211770390  1.303000  1.730000  5874.000000  0.506523  573.570000
211770696  0.946000  1.330000  5792.000000  0.253712  421.640000
211770795  0.823000  0.719000  4433.000000  -0.745057  365.580000
211770867  1.439000  1.796000  6155.000000  0.620220  609.970000
211779390  0.849000  0.647000  4358.000000  -0.866348  156.950000
211783206  nan  nan  nan  nan  nan
211784767  1.288000  1.580000  6044.000000  0.477307  459.360000
211788221  nan  nan  nan  nan  nan
211791178  0.909000  0.795000  4540.000000  -0.616348  287.160000
211796070  0.812000  0.739000  4384.000000  -0.740534  269.310000
211797637  0.808000  0.677000  4338.000000  -0.834970  221.110000
211799258  0.457000  0.463000  3593.000000  -1.492314  181.190000
211800191  0.820000  1.152000  5901.000000  0.161302  400.770000
211804579  1.116000  0.948000  5739.000000  -0.056344  195.690000
211807456  0.941000  0.925000  5258.000000  -0.229739  762.140000
211808055  nan  nan  nan  nan  nan
211809568  1.172000  1.212000  5614.000000  0.118790  1303.740000
211812160  4.922000  3.452000  6175.000000  1.193384  2072.980000
211812935  nan  nan  nan  nan  nan
211814313  1.110000  1.479000  5767.000000  0.338431  1917.900000
211814733  1.122000  2.191000  5164.000000  0.487924  478.690000
211816003  0.837000  0.799000  5381.000000  -0.316760  423.070000
211817229  nan  nan  nan  nan  nan
211818569  0.882000  0.682000  4445.000000  -0.786249  169.400000
211822797  0.587000  0.598000  3806.000000  -1.170028  186.200000
211822953  0.507000  0.544000  3692.000000  -1.305061  398.040000
211825866  0.879000  0.781000  5219.000000  -0.389654  397.100000
211826814  nan  nan  nan  nan  nan
211828142  0.315000  0.341000  3656.000000  -1.727772  270.460000
211829982  1.559000  1.011000  4998.000000  -0.240618  471.810000
211830293  0.811000  1.851000  5278.000000  0.379385  424.790000
211831378  0.613000  0.686000  3556.000000  -1.168810  491.200000
211834065  1.425000  1.883000  6104.000000  0.646853  514.290000
211837343  0.876000  0.739000  4763.000000  -0.596494  491.150000
211838158  1.689000  1.051000  5224.000000  -0.130087  1354.330000
211839430  nan  nan  nan  nan  nan
211839462  3.157000  3.467000  6396.000000  1.258236  544.410000
211841496  0.721000  0.631000  4830.000000  -0.709458  491.220000
211843564  0.572000  0.638000  3654.000000  -1.184590  379.430000
211852187  0.400000  0.427000  3557.000000  -1.580114  308.230000
211858408  1.399000  1.662000  6369.000000  0.612242  644.300000
211858489  1.222000  1.550000  6371.000000  0.552189  577.180000
211863149  0.455000  0.463000  3749.000000  -1.418482  116.980000
211876245  1.046000  0.869000  5233.000000  -0.292263  923.240000
211885185  1.437000  1.780000  6018.000000  0.573343  680.350000
211886472  2.378000  2.166000  6513.000000  0.881136  501.180000
211892395  1.173000  0.943000  4495.000000  -0.485363  927.710000
211897272  1.120000  0.931000  5348.000000  -0.194640  276.980000
211897691  nan  nan  nan  nan  nan
211901114  0.440000  0.449000  3579.000000  -1.525766  184.050000
211906259  0.930000  1.038000  5707.000000  0.012721  406.160000
211906650  0.816000  1.053000  5780.000000  0.047263  330.740000
211906940  0.432000  0.434000  3762.000000  -1.468651  262.010000
211910237  0.353000  0.478000  4829.000000  -0.951021  308.760000
211913395  0.759000  0.654000  4145.000000  -0.944052  459.040000
211913977  0.903000  0.755000  4694.000000  -0.603239  188.330000
211914445  0.962000  1.194000  5396.000000  0.036991  908.340000
211914718  1.232000  1.161000  5301.000000  -0.018210  173.180000
211914889  0.231000  0.268000  3494.000000  -2.015744  193.000000
211914960  0.627000  0.655000  3680.000000  -1.149431  187.930000
211914998  nan  nan  nan  nan  nan
211915147  2.032000  2.303000  6774.000000  1.002663  208.620000
211916756  0.405000  0.415000  3576.000000  -1.595619  179.850000
211919004  0.963000  0.823000  5135.000000  -0.372344  308.110000
211919555  nan  nan  nan  nan  nan
211919842  0.649000  0.711000  3724.000000  -1.057527  407.380000
211920462  nan  nan  nan  nan  nan
211920528  1.500000  1.753000  6200.000000  0.611825  641.360000
211920604  2.769000  2.775000  6148.000000  0.996156  981.160000
211920811  1.958000  7.074000  4645.000000  1.321968  1514.470000
211923431  1.471000  1.145000  5395.000000  0.000271  738.140000
211924657  0.306000  0.326000  3644.000000  -1.772557  79.300000
211925181  0.745000  0.631000  4170.000000  -0.964702  444.670000
211925595  nan  nan  nan  nan  nan
211928959  0.838000  0.661000  4874.000000  -0.653360  1177.150000
211929937  1.037000  0.839000  5263.000000  -0.312848  514.450000
211934173  nan  nan  nan  nan  nan
211939692  1.031000  1.347000  6294.000000  0.409137  408.400000
211941472  16.607000  7.537000  5825.000000  1.770275  1977.210000
211942157  2.273000  2.502000  7052.000000  1.144519  1213.200000
211945201  1.076000  1.385000  5992.000000  0.347881  181.690000
211946007  0.264000  0.295000  3506.000000  -1.926414  185.730000
211955798  1.082000  0.835000  4746.000000  -0.496621  544.460000
211964001  1.121000  1.662000  6717.000000  0.704658  187.290000
211964025  nan  nan  nan  nan  nan
211964332  1.125000  0.942000  5297.000000  -0.201084  657.670000
211964555  0.248000  0.296000  3247.000000  -2.056793  219.970000
211964830  0.467000  0.473000  3594.000000  -1.473271  185.610000
211965883  0.725000  0.646000  4128.000000  -0.961881  209.550000
211969807  0.498000  0.505000  3693.000000  -1.369205  189.290000
211970147  0.735000  0.750000  4421.000000  -0.713101  188.170000
211970234  0.294000  0.323000  3554.000000  -1.824031  162.070000
211972086  0.390000  0.405000  3537.000000  -1.635855  186.060000
211972627  1.134000  0.937000  5677.000000  -0.085351  183.010000
211972681  0.929000  0.779000  4629.000000  -0.600282  621.410000
211972837  1.598000  1.813000  6380.000000  0.690773  1129.300000
211978865  nan  nan  nan  nan  nan
211978988  0.974000  1.110000  5857.000000  0.116042  421.410000
211987231  1.223000  1.480000  5934.000000  0.388608  384.290000
211988320  0.620000  0.645000  4013.000000  -1.012309  202.800000
211990866  1.326000  1.208000  6116.000000  0.264698  188.960000
211993818  nan  nan  nan  nan  nan
211995325  nan  nan  nan  nan  nan
211995398  nan  nan  nan  nan  nan
211997641  3.147000  2.358000  5814.000000  0.757682  1006.100000
212002525  0.317000  0.342000  3694.000000  -1.707266  188.020000
212006318  1.119000  1.543000  5822.000000  0.391715  696.100000
212006344  0.603000  0.614000  3740.000000  -1.177482  72.040000
212008766  0.944000  0.716000  5024.000000  -0.531281  228.330000
212009150  0.214000  0.248000  3743.000000  -1.963523  100.560000
212009427  nan  nan  nan  nan  nan
212009702  1.595000  1.836000  6304.000000  0.680905  1072.930000
212010565  3.416000  2.878000  6498.000000  1.123995  2882.330000
212012119  0.852000  0.705000  4789.000000  -0.627948  123.440000
212012387  nan  nan  nan  nan  nan
212019055  1.121000  1.523000  6046.000000  0.445967  655.280000
212020442  0.662000  0.696000  3771.000000  -1.054261  174.950000
212024647  1.226000  1.623000  5871.000000  0.450180  218.510000
212024672  0.222000  0.266000  3709.000000  -1.918515  207.850000
212026226  1.020000  1.247000  5923.000000  0.236595  2873.750000
212033577  1.506000  1.866000  6152.000000  0.652583  549.480000
212036875  1.209000  1.487000  6283.000000  0.491985  306.570000
212037403  1.181000  0.975000  5416.000000  -0.132581  377.270000
212039539  2.949000  2.652000  7172.000000  1.224403  847.100000
212040382  2.393000  2.218000  6367.000000  0.862357  923.350000
212041206  0.922000  0.855000  4535.000000  -0.555064  459.870000
212041476  1.117000  0.945000  5704.000000  -0.069724  275.840000
212044495  0.929000  1.110000  5819.000000  0.104734  453.470000
212048503  1.782000  1.245000  5154.000000  -0.006389  551.830000
212048748  nan  nan  nan  nan  nan
212052250  1.061000  1.390000  5663.000000  0.252911  1209.910000
212053988  1.852000  1.129000  4743.000000  -0.235705  804.470000
212058012  1.097000  1.070000  5909.000000  0.099518  208.360000
212060710  1.005000  1.071000  5633.000000  0.017233  712.720000
212060895  nan  nan  nan  nan  nan
212066407  6.440000  2.747000  6000.000000  0.945017  905.480000
212066805  1.439000  1.805000  6318.000000  0.669968  292.970000
212068493  1.116000  1.509000  5659.000000  0.323032  644.770000
212069706  nan  nan  nan  nan  nan
212069861  0.598000  0.605000  3805.000000  -1.160376  161.560000
212071939  nan  nan  nan  nan  nan
212072539  0.483000  0.483000  3647.000000  -1.429668  166.170000
212075294  nan  nan  nan  nan  nan
212075842  1.234000  2.951000  5557.000000  0.873995  2293.470000
212081533  0.559000  0.559000  3680.000000  -1.287090  75.170000
212082682  nan  nan  nan  nan  nan
212083250  nan  nan  nan  nan  nan
212083455  nan  nan  nan  nan  nan
212085654  2.071000  1.257000  5301.000000  0.050796  689.480000
212085740  0.985000  1.171000  5723.000000  0.122303  692.790000
212086717  1.235000  1.195000  5427.000000  0.047670  780.540000
212088059  0.538000  0.542000  3738.000000  -1.286750  162.410000
212096658  0.735000  0.941000  4626.000000  -0.437304  49.780000
212099230  1.061000  0.959000  5596.000000  -0.090157  123.650000
212109233  0.865000  1.232000  6118.000000  0.282354  521.620000
212110007  1.385000  1.128000  5035.000000  -0.132689  619.730000
212110888  1.210000  1.403000  6139.000000  0.401201  348.650000
212114260  1.163000  0.959000  5767.000000  -0.037868  312.170000
212115388  1.021000  1.018000  3964.000000  -0.637275  372.010000
212116340  2.117000  1.284000  5346.000000  0.083941  307.570000
212117087  nan  nan  nan  nan  nan
212120773  1.044000  0.855000  5167.000000  -0.328419  312.430000
212130773  1.216000  0.860000  4953.000000  -0.396835  488.150000
212132195  0.802000  0.697000  4566.000000  -0.720696  105.580000
212133517  0.949000  0.934000  5561.000000  -0.124000  465.050000
212136123  0.903000  0.744000  5187.000000  -0.442494  569.610000
212138198  0.540000  0.716000  5061.000000  -0.518534  218.960000
212141021  1.309000  0.765000  4997.000000  -0.483145  274.010000
212150006  1.917000  4.134000  5735.000000  1.221569  3461.920000
212152341  nan  nan  nan  nan  nan
212154158  4.624000  3.314000  6329.000000  1.200740  1223.870000
212154564  0.403000  0.412000  3623.000000  -1.579238  140.380000
212157262  0.899000  0.900000  5404.000000  -0.205959  330.920000
212159514  1.290000  4.521000  5038.000000  1.074196  2031.740000
212159623  0.833000  0.987000  5724.000000  -0.025872  329.540000
212161956  0.749000  0.616000  4307.000000  -0.929444  320.340000
212163353  2.076000  1.251000  4999.000000  -0.055258  509.350000
212164470  0.954000  1.186000  5907.000000  0.188332  446.820000
212171851  1.354000  3.970000  4872.000000  0.903105  1869.170000
212175087  2.142000  2.262000  6776.000000  0.987574  1531.040000
212178066  nan  nan  nan  nan  nan
212181307  1.209000  1.106000  5814.000000  0.100105  1347.230000
212181460  1.176000  1.502000  6531.000000  0.567953  1683.080000
212182233  1.276000  1.301000  5605.000000  0.177552  1295.540000
212194007  3.107000  2.533000  5809.000000  0.818371  920.970000
212204403  1.111000  0.838000  4983.000000  -0.408854  201.860000
212207194  1.410000  1.856000  6014.000000  0.608504  599.540000
212207368  nan  nan  nan  nan  nan
212208163  1.323000  1.949000  6127.000000  0.683310  2967.260000
212210390  1.052000  0.790000  5021.000000  -0.446890  278.170000
212214592  0.918000  1.331000  5787.000000  0.252865  700.400000
212219881  0.668000  0.766000  5372.000000  -0.356304  767.470000
212221986  0.632000  0.676000  3767.000000  -1.081429  265.780000
212223307  2.855000  2.441000  6146.000000  0.884200  329.010000
212225413  0.927000  1.832000  5409.000000  0.413014  888.640000
212225806  0.744000  0.823000  5479.000000  -0.259700  913.250000
212225986  1.075000  0.886000  4268.000000  -0.629540  228.350000
212227092  0.490000  0.501000  3504.000000  -1.467373  207.290000
212228588  1.107000  0.978000  3966.000000  -0.671217  323.770000
212228994  0.170000  1.975000  5390.000000  0.472184  908.900000
212270970  1.422000  1.776000  5936.000000  0.547556  941.740000
212278644  1.016000  1.348000  5900.000000  0.297483  936.200000
212294561  0.588000  0.803000  5683.000000  -0.217564  348.020000
212297394  0.939000  0.761000  4998.000000  -0.487351  418.400000
212300977  0.882000  1.105000  6072.000000  0.174746  297.460000
212301649  0.992000  0.843000  5229.000000  -0.319976  461.320000
212303338  1.694000  1.044000  4945.000000  -0.231239  80.300000
212304395  0.873000  1.938000  5210.000000  0.396753  1220.370000
212310244  0.973000  0.846000  5110.000000  -0.356881  453.750000
212311834  1.293000  1.080000  5374.000000  -0.057267  805.820000
212315941  2.608000  1.582000  4915.000000  0.119202  851.660000
212321305  1.158000  1.697000  5700.000000  0.437558  1138.250000
212328538  0.690000  0.616000  4158.000000  -0.990606  267.730000
212329106  1.159000  1.407000  5966.000000  0.354016  569.100000
212330265  0.536000  0.539000  3652.000000  -1.332005  177.500000
212346723  0.914000  1.255000  6174.000000  0.314249  620.590000
212351026  0.516000  0.515000  3618.000000  -1.387817  132.920000
212351405  nan  nan  nan  nan  nan
212357477  0.836000  0.969000  5483.000000  -0.116585  113.120000
212362217  1.601000  1.143000  5135.000000  -0.087051  380.580000
212370106  0.634000  0.666000  4056.000000  -0.965965  333.060000
212380207  0.915000  0.813000  5366.000000  -0.306522  336.110000
212393193  0.908000  1.137000  6198.000000  0.235222  367.100000
212394689  0.994000  0.867000  5482.000000  -0.213511  242.110000
212396050  0.980000  1.248000  6067.000000  0.279020  391.870000
212398486  0.389000  0.394000  3615.000000  -1.621880  124.160000
212398508  0.877000  0.924000  5545.000000  -0.138355  485.770000
212406474  2.537000  2.363000  6467.000000  0.944434  672.630000
212418133  0.966000  1.648000  5727.000000  0.420318  786.440000
212420823  0.855000  0.792000  5304.000000  -0.349441  453.570000
212421673  1.370000  4.006000  4904.000000  0.922318  1277.940000
212421749  0.920000  0.768000  5093.000000  -0.446688  521.040000
212422536  0.838000  0.717000  4458.000000  -0.737707  291.380000
212424622  0.908000  1.217000  5938.000000  0.219837  611.800000
212425103  0.861000  0.804000  5391.000000  -0.308116  590.450000
212428509  0.989000  1.288000  5750.000000  0.213198  440.680000
212432685  0.225000  0.573000  6040.000000  -0.404848  296.020000
212435047  0.896000  1.076000  5881.000000  0.096124  361.170000
212440430  0.860000  0.993000  5743.000000  -0.014852  489.370000
212443457  0.977000  3.538000  4606.000000  0.705506  928.670000
212443973  nan  nan  nan  nan  nan
212451091  0.739000  0.976000  5667.000000  -0.052993  697.260000
212454160  1.269000  1.524000  5862.000000  0.392848  599.350000
212454422  0.229000  0.267000  3633.000000  -1.951221  170.260000
212460519  0.670000  0.672000  4142.000000  -0.921726  102.950000
212464382  0.984000  0.806000  4874.000000  -0.481093  154.180000
212480208  0.845000  0.980000  5600.000000  -0.070101  160.680000
212495601  0.847000  0.991000  5634.000000  -0.049891  618.860000
212496592  1.117000  0.852000  5122.000000  -0.346668  287.190000
212497862  0.370000  0.383000  3664.000000  -1.623086  112.260000
212499835  0.924000  1.825000  5014.000000  0.277958  2424.480000
212499991  0.937000  0.737000  5141.000000  -0.466180  283.290000
212521166  0.842000  0.705000  4883.000000  -0.594180  116.470000
212524671  0.474000  0.480000  3759.000000  -1.382534  235.000000
212525174  0.819000  0.667000  4234.000000  -0.890050  194.770000
212525618  0.755000  0.974000  5971.000000  0.036001  469.490000
212529560  0.796000  1.023000  5654.000000  -0.016131  688.580000
212530118  0.821000  0.691000  4200.000000  -0.873352  195.150000
212534729  1.230000  2.124000  5423.000000  0.545962  814.830000
212540985  2.024000  2.333000  7063.000000  1.086481  1865.480000
212543933  0.812000  1.011000  5739.000000  -0.000458  694.730000
212554013  1.352000  0.950000  5197.000000  -0.226847  710.000000
212555594  0.964000  0.791000  5219.000000  -0.378603  221.750000
212560683  0.974000  1.020000  5829.000000  0.034271  247.380000
212562715  0.875000  0.895000  5616.000000  -0.143951  393.310000
212563850  0.549000  0.597000  4017.000000  -1.077749  119.380000
212570977  0.791000  1.119000  5665.000000  0.065155  701.020000
212572439  0.958000  0.821000  5232.000000  -0.341948  285.380000
212572452  nan  nan  nan  nan  nan
212575828  0.923000  0.732000  4823.000000  -0.583014  687.970000
212577658  1.195000  1.207000  5579.000000  0.104335  246.100000
212579164  1.035000  1.086000  5671.000000  0.040993  664.870000
212579424  nan  nan  nan  nan  nan
212580872  0.849000  0.967000  5625.000000  -0.073962  411.920000
212585579  0.811000  1.086000  5896.000000  0.108584  434.610000
212586030  1.440000  3.874000  4737.000000  0.833027  590.760000
212587672  0.751000  0.976000  5926.000000  0.024641  320.070000
212590677  0.871000  0.775000  5143.000000  -0.421836  499.850000
212592101  nan  nan  nan  nan  nan
212601505  0.614000  0.659000  3660.000000  -1.153610  139.030000
212621075  1.010000  0.745000  4987.000000  -0.509635  352.370000
212622766  0.951000  0.944000  5524.000000  -0.126347  432.640000
212624936  0.754000  0.912000  5571.000000  -0.141583  561.930000
212628098  0.882000  0.781000  4682.000000  -0.578278  212.880000
212628254  nan  nan  nan  nan  nan
212634172  nan  nan  nan  nan  nan
212639319  1.171000  2.702000  5353.000000  0.732454  759.050000
212645891  0.814000  1.129000  5735.000000  0.094216  400.010000
212646483  1.112000  2.122000  5356.000000  0.523548  1216.380000
212648083  1.018000  1.121000  5731.000000  0.086828  503.020000
212652418  0.993000  1.343000  5807.000000  0.266654  439.940000
212661144  0.838000  0.961000  5530.000000  -0.108958  528.470000
212672300  1.049000  1.340000  6205.000000  0.379871  629.510000
212679181  0.534000  0.530000  3656.000000  -1.344729  42.550000
212679798  0.832000  0.843000  4530.000000  -0.569257  468.890000
212685467  nan  nan  nan  nan  nan
212686205  0.758000  0.677000  4391.000000  -0.813874  114.640000
212688920  1.534000  1.072000  5116.000000  -0.149194  543.380000
212689874  0.831000  0.971000  5725.000000  -0.039765  315.010000
212690867  0.429000  0.429000  3606.000000  -1.552288  157.150000
212691422  1.671000  1.953000  6119.000000  0.682821  584.880000
212697709  0.875000  1.074000  5747.000000  0.054468  334.040000
212703473  nan  nan  nan  nan  nan
212705192  1.540000  2.155000  5778.000000  0.668699  534.900000
212712473  nan  nan  nan  nan  nan
212730483  0.807000  0.710000  4409.000000  -0.765428  182.530000
212735333  0.924000  0.923000  5578.000000  -0.128988  247.640000
212737443  0.788000  0.664000  4472.000000  -0.798962  336.250000
212743333  0.866000  0.723000  4553.000000  -0.693838  302.850000
212756297  0.813000  0.749000  4283.000000  -0.769349  181.370000
212757601  0.959000  0.845000  5063.000000  -0.373960  1531.420000
212768333  1.028000  0.770000  5117.000000  -0.436262  110.570000
212772113  1.181000  0.847000  4946.000000  -0.412522  371.770000
212772313  0.888000  0.976000  5630.000000  -0.064372  132.240000
212773272  0.399000  0.413000  3702.000000  -1.539660  122.410000
212773309  1.298000  0.931000  4728.000000  -0.408696  120.640000
212779563  nan  nan  nan  nan  nan
212779596  0.791000  0.681000  4463.000000  -0.780504  107.520000
212782836  0.500000  0.873000  5425.000000  -0.225678  182.980000
212796016  0.608000  0.610000  3768.000000  -1.170202  187.750000
212797028  1.209000  1.869000  5980.000000  0.604718  847.990000
212803289  2.329000  2.593000  6203.000000  0.952707  519.230000
212813907  1.020000  0.773000  4942.000000  -0.493335  382.810000
212821706  0.818000  0.719000  4400.000000  -0.758037  225.310000
212828909  1.065000  0.758000  5088.000000  -0.459778  184.130000
212833814  1.112000  1.505000  5760.000000  0.351458  242.410000
212839127  1.389000  1.837000  6038.000000  0.606485  1015.390000
213123443  1.200000  1.516000  6700.000000  0.620392  496.830000
213408445  2.210000  36.012000  4352.000000  2.622345  8706.150000
213462890  0.601000  0.663000  3689.000000  -1.134644  307.380000
213546283  0.837000  1.142000  5638.000000  0.074527  300.660000
213703832  0.951000  10.344000  4962.000000  1.766699  4777.670000
213715787  0.570000  0.574000  3713.000000  -1.248582  90.550000
213722591  0.897000  0.722000  4978.000000  -0.540011  280.870000
213748480  1.127000  1.952000  8336.000000  1.219485  911.700000
213817056  nan  nan  nan  nan  nan
213840781  2.092000  1.283000  5192.000000  0.032487  602.180000
213919434  1.193000  1.651000  7486.000000  0.887188  603.440000
213919915  0.985000  1.221000  5892.000000  0.209177  99.960000
213920015  nan  nan  nan  nan  nan
213951550  0.491000  0.502000  3635.000000  -1.401880  164.340000
214173069  0.856000  0.751000  4603.000000  -0.641862  182.210000
214234110  0.839000  0.959000  5561.000000  -0.101056  207.970000
214254518  0.878000  0.666000  4247.000000  -0.886028  88.180000
214419545  0.993000  1.320000  5911.000000  0.282486  249.300000
214512594  1.015000  0.805000  5031.000000  -0.427096  858.470000
214522613  0.503000  0.501000  3675.000000  -1.384600  82.250000
214611894  0.951000  1.262000  6003.000000  0.270287  286.760000
214630761  1.409000  3.054000  5100.000000  0.754713  1632.440000
214741009  1.238000  6.562000  5070.000000  1.408799  2948.780000
214787262  0.342000  0.358000  3588.000000  -1.718129  27.800000
214888033  1.178000  1.082000  5603.000000  0.016832  512.890000
214912104  1.196000  1.783000  5750.000000  0.495669  1327.270000
214984368  2.326000  36.876000  4296.000000  2.620439  5933.990000
215101303  1.241000  1.488000  5812.000000  0.357203  1484.790000
215125108  1.212000  19.341000  4406.000000  2.103831  5304.360000
215171927  1.068000  0.737000  4973.000000  -0.523896  215.630000
215175768  0.839000  0.918000  5485.000000  -0.162913  372.760000
215234145  1.169000  0.930000  5224.000000  -0.236327  328.970000
215353525  0.889000  0.884000  5331.000000  -0.245166  664.390000
215358983  1.616000  1.776000  6122.000000  0.601154  1159.180000
215364084  1.553000  4.856000  4972.000000  1.113377  1634.870000
215381481  1.493000  44.423000  4532.000000  2.875070  7293.030000
215389654  1.187000  0.915000  5210.000000  -0.255112  323.940000
215502661  1.423000  1.209000  5432.000000  0.059386  247.210000
215525178  nan  nan  nan  nan  nan
215714765  0.816000  0.942000  5414.000000  -0.163130  739.350000
215717520  nan  nan  nan  nan  nan
215739094  2.096000  2.793000  5870.000000  0.921389  682.990000
215816368  1.080000  1.115000  5644.000000  0.055592  1420.160000
215854715  1.004000  0.791000  5203.000000  -0.383937  229.810000
215894766  0.995000  1.382000  5620.000000  0.234656  484.760000
215938010  1.569000  1.849000  6117.000000  0.634722  575.700000
215969174  0.778000  1.071000  5852.000000  0.083491  856.440000
216008129  0.898000  0.860000  5380.000000  -0.253179  197.930000
216050437  nan  nan  nan  nan  nan
216111905  1.209000  1.230000  5515.000000  0.100687  409.370000
216114172  nan  nan  nan  nan  nan
216166748  0.941000  1.034000  5667.000000  -0.002851  264.320000
216212516  nan  nan  nan  nan  nan
216231580  0.802000  1.113000  5670.000000  0.062017  996.940000
216334329  1.569000  2.041000  5919.000000  0.663374  805.460000
216357880  0.994000  0.775000  5361.000000  -0.349719  218.340000
216363472  0.810000  0.992000  5531.000000  -0.081067  221.960000
216387101  2.808000  3.675000  5540.000000  1.059248  1133.410000
216405287  0.815000  0.882000  5467.000000  -0.203372  300.400000
216414930  1.170000  1.536000  5799.000000  0.380890  944.600000
216468514  1.232000  1.759000  6096.000000  0.585406  685.200000
216494238  1.000000  1.256000  5787.000000  0.202488  391.540000
216876207  nan  nan  nan  nan  nan
216892056  0.472000  0.471000  3705.000000  -1.424111  45.750000
217084873  0.790000  0.964000  5527.000000  -0.107193  642.190000
217149884  0.900000  1.236000  5682.000000  0.156737  908.520000
217192839  0.754000  0.675000  4473.000000  -0.784302  145.700000
217231249  1.018000  1.767000  5771.000000  0.494172  1059.570000
217393088  1.361000  1.585000  5996.000000  0.466200  2182.870000
217671466  1.157000  1.499000  5621.000000  0.305552  638.700000
217855533  nan  nan  nan  nan  nan
217941732  0.850000  0.692000  4286.000000  -0.836884  118.010000
217977895  0.922000  0.811000  5452.000000  -0.281040  278.410000
218131080  0.639000  0.887000  6119.000000  -0.002736  378.090000
218170789  1.125000  2.163000  4907.000000  0.388072  571.460000
218195416  1.642000  2.138000  7440.000000  1.101002  823.930000
218300572  4.857000  3.792000  6221.000000  1.287872  1030.660000
218304292  0.907000  1.075000  5880.000000  0.095021  380.930000
218621322  0.821000  1.064000  5677.000000  0.025054  299.540000
218668602  1.061000  0.804000  5129.000000  -0.394662  203.790000
218695436  1.482000  1.798000  6136.000000  0.615815  546.370000
218709665  1.157000  1.487000  5812.000000  0.356619  601.270000
218711655  1.274000  1.740000  6384.000000  0.656165  372.960000
218874453  0.784000  0.964000  5665.000000  -0.064352  361.900000
218901589  1.149000  0.950000  4963.000000  -0.306881  126.070000
218916923  1.025000  0.866000  5236.000000  -0.294271  153.860000
218952024  1.893000  48.801000  4118.000000  2.790298  5088.260000
218973982  -0.045000  0.642000  3575.000000  -1.217131  875.830000
219111248  0.600000  0.616000  3702.000000  -1.192398  213.130000
219114906  0.778000  0.702000  4366.000000  -0.792296  193.330000
219256848  nan  nan  nan  nan  nan
219266595  0.984000  0.792000  4862.000000  -0.500595  252.380000
219388192  0.861000  1.045000  5600.000000  -0.014321  305.040000
219420915  1.064000  1.242000  5632.000000  0.145588  450.470000
219480273  1.113000  1.405000  5982.000000  0.357433  293.750000
219610716  1.478000  5.090000  4711.000000  1.060583  2010.560000
219747794  nan  nan  nan  nan  nan
219760360  0.827000  1.755000  5301.000000  0.340680  679.950000
219800881  0.874000  1.008000  5548.000000  -0.061838  321.210000
220168663  0.490000  0.499000  3622.000000  -1.413310  219.630000
220170303  0.976000  0.751000  4967.000000  -0.509649  166.150000
220173278  1.242000  1.795000  5974.000000  0.567884  307.710000
220186645  1.050000  1.323000  5878.000000  0.274733  577.230000
220187552  nan  nan  nan  nan  nan
220192485  1.108000  0.793000  5169.000000  -0.393133  159.680000
220194974  0.610000  0.657000  3979.000000  -1.011079  124.460000
220198551  0.980000  0.841000  4836.000000  -0.457768  232.820000
220201207  nan  nan  nan  nan  nan
220204960  0.943000  1.196000  6290.000000  0.304760  532.370000
220207765  1.074000  0.788000  5226.000000  -0.379575  195.800000
220209578  0.807000  1.026000  5775.000000  0.023197  830.220000
220211923  0.937000  1.221000  5899.000000  0.211240  405.300000
220216730  0.992000  0.785000  5073.000000  -0.434507  244.440000
220218012  0.874000  0.897000  5544.000000  -0.164428  363.060000
220221272  nan  nan  nan  nan  nan
220225178  0.917000  0.850000  5509.000000  -0.222176  256.890000
220228500  1.119000  0.934000  5304.000000  -0.206197  427.040000
220241529  0.873000  0.748000  4659.000000  -0.624331  76.500000
220245303  1.026000  0.755000  5008.000000  -0.490754  150.190000
220250254  0.958000  0.871000  5357.000000  -0.249582  176.510000
220256496  1.053000  0.791000  5188.000000  -0.388952  272.300000
220258394  1.356000  2.163000  5349.000000  0.537898  1140.840000
220260084  0.934000  1.311000  5788.000000  0.240014  630.790000
220263105  1.564000  1.014000  4558.000000  -0.398132  362.120000
220267210  0.482000  0.482000  3707.000000  -1.403121  180.080000
220275625  0.484000  0.482000  3653.000000  -1.428613  138.460000
220280237  1.298000  1.223000  5097.000000  -0.041194  471.520000
220282718  0.849000  1.602000  5516.000000  0.330517  765.400000
220287611  0.767000  0.809000  3945.000000  -0.845220  294.450000
220288191  0.655000  0.712000  3669.000000  -1.082154  383.480000
220288594  0.749000  0.751000  4441.000000  -0.704102  271.950000
220290988  1.065000  0.866000  5263.000000  -0.285336  449.920000
220292715  0.950000  0.723000  4869.000000  -0.577270  157.810000
220294712  1.024000  1.206000  6145.000000  0.271477  427.030000
220303276  1.480000  1.792000  6454.000000  0.700687  376.660000
220309058  0.532000  0.534000  3661.000000  -1.335824  109.270000
220315508  0.893000  0.765000  5268.000000  -0.391399  121.230000
220316844  2.750000  2.049000  6641.000000  0.866713  671.810000
220317172  0.949000  0.853000  5271.000000  -0.295835  208.940000
220321605  0.604000  0.678000  4072.000000  -0.943615  109.220000
220322327  0.970000  0.783000  5033.000000  -0.450474  397.890000
220336320  0.495000  0.531000  3666.000000  -1.338346  298.210000
220341183  1.033000  1.308000  5824.000000  0.248796  389.700000
220342163  0.799000  0.715000  4514.000000  -0.718447  257.280000
220376054  0.909000  1.245000  5774.000000  0.190941  300.640000
220383386  0.970000  0.846000  5558.000000  -0.210890  47.290000
220393791  0.822000  1.037000  6072.000000  0.119579  568.670000
220395416  1.214000  1.602000  5829.000000  0.426396  455.780000
220397060  1.298000  2.481000  5193.000000  0.605622  815.770000
220400100  0.832000  0.728000  4648.000000  -0.651978  250.180000
220400525  0.891000  0.762000  4736.000000  -0.579749  318.410000
220401029  0.990000  0.806000  5123.000000  -0.394538  371.410000
220410754  0.813000  1.093000  5856.000000  0.102339  467.940000
220416518  1.022000  1.028000  5696.000000  0.000961  511.110000
220431824  nan  nan  nan  nan  nan
220436189  0.568000  0.573000  3726.000000  -1.244025  205.200000
220436208  0.923000  1.151000  5679.000000  0.093933  718.650000
220436943  0.781000  0.724000  4407.000000  -0.749256  458.230000
220443340  0.259000  0.290000  3644.000000  -1.874196  115.220000
220448185  0.325000  0.346000  3685.000000  -1.701403  233.740000
220459477  0.927000  0.761000  4844.000000  -0.541719  420.820000
220466136  0.632000  0.599000  4309.000000  -0.952946  523.870000
220470563  0.860000  0.701000  5051.000000  -0.540360  313.330000
220471666  0.881000  1.017000  5746.000000  0.006799  403.960000
220481411  0.795000  0.704000  4414.000000  -0.770831  115.460000
220482322  1.324000  1.498000  5866.000000  0.379087  569.210000
220487418  0.969000  1.255000  5960.000000  0.252967  381.880000
220492298  1.012000  1.076000  5499.000000  -0.020546  624.510000
220492492  0.860000  1.122000  5618.000000  0.053007  676.430000
220501947  0.840000  0.743000  4398.000000  -0.730307  232.800000
220503236  0.817000  1.034000  5758.000000  0.024822  394.080000
220504338  0.772000  1.195000  5633.000000  0.112390  635.720000
220510874  0.911000  0.970000  5749.000000  -0.033393  428.780000
220522262  0.835000  0.752000  4570.000000  -0.653205  458.140000
220522664  0.586000  0.597000  3730.000000  -1.206521  123.680000
220526079  nan  nan  nan  nan  nan
220527374  0.690000  0.798000  5515.000000  -0.275117  452.880000
220542353  1.444000  1.746000  6289.000000  0.633110  129.940000
220554210  0.951000  0.929000  5484.000000  -0.152884  496.290000
220555384  1.268000  0.958000  4148.000000  -0.611219  146.680000
220556827  0.595000  0.617000  3640.000000  -1.220329  256.190000
220562610  0.934000  1.110000  5957.000000  0.145451  400.270000
220565337  0.503000  0.501000  3651.000000  -1.395983  227.450000
220565349  1.317000  1.045000  5375.000000  -0.085559  603.920000
220571481  0.888000  1.139000  6017.000000  0.185262  545.750000
220573228  1.109000  0.955000  5777.000000  -0.038489  185.270000
220579319  0.969000  1.252000  5830.000000  0.212578  545.210000
220592745  0.963000  1.227000  5733.000000  0.165912  325.400000
220598331  0.411000  0.419000  3526.000000  -1.611748  102.480000
220598367  1.029000  1.015000  5414.000000  -0.098300  595.530000
220605820  1.429000  2.275000  5108.000000  0.501661  1096.560000
220606084  0.936000  1.727000  5657.000000  0.439624  727.110000
220616148  0.909000  1.180000  5763.000000  0.141053  716.220000
220621087  0.459000  0.455000  3684.000000  -1.464004  69.480000
220621788  0.827000  1.002000  5677.000000  -0.027094  233.510000
220629489  1.135000  0.808000  4927.000000  -0.460152  402.920000
220631484  0.605000  0.829000  5436.000000  -0.267078  412.390000
220639177  0.900000  0.720000  4886.000000  -0.574826  205.000000
220643470  0.715000  26.635000  4414.000000  2.384929  2163.130000
220644522  0.861000  1.036000  5507.000000  -0.050925  498.100000
220648214  0.905000  1.181000  5776.000000  0.145703  368.170000
220650439  1.044000  0.988000  5704.000000  -0.031073  318.810000
220650843  0.929000  0.724000  4125.000000  -0.864132  228.070000
220657558  0.923000  1.271000  5879.000000  0.240200  781.330000
220663602  0.334000  0.350000  3700.000000  -1.684362  91.370000
220666631  1.090000  1.444000  6020.000000  0.392215  697.360000
220674823  0.794000  0.970000  5619.000000  -0.073126  244.590000
220679255  0.887000  1.097000  6014.000000  0.151762  319.810000
220696233  0.570000  0.585000  3572.000000  -1.299348  266.320000
220708327  0.818000  0.958000  5795.000000  -0.030361  402.900000
220709978  0.931000  1.083000  6016.000000  0.141183  101.320000
220725183  1.402000  2.024000  6042.000000  0.691839  465.910000
228682364  nan  nan  nan  nan  nan
228707509  0.924000  0.964000  5385.000000  -0.152408  858.140000
228720681  nan  nan  nan  nan  nan
228721452  0.804000  0.969000  5895.000000  0.009278  198.600000
228724232  0.813000  0.682000  4193.000000  -0.887637  64.740000
228724899  0.755000  0.960000  5529.000000  -0.110176  427.120000
228725791  0.705000  0.740000  4055.000000  -0.874878  258.110000
228725972  0.724000  0.836000  5581.000000  -0.214045  275.260000
228729473  1.431000  3.845000  4852.000000  0.868171  570.610000
228732031  0.969000  0.730000  5105.000000  -0.486677  152.510000
228734889  0.912000  1.052000  5738.000000  0.033768  376.480000
228734900  0.802000  1.712000  5471.000000  0.373969  357.780000
228735255  0.841000  1.013000  5690.000000  -0.013637  347.920000
228736155  0.972000  0.911000  5310.000000  -0.225890  211.270000
228737155  1.473000  40.021000  4242.000000  2.669553  3177.470000
228739306  0.728000  0.904000  5407.000000  -0.201143  406.250000
228748383  1.057000  1.600000  5641.000000  0.368359  521.720000
228748826  0.931000  0.808000  5050.000000  -0.417317  414.710000
228753871  0.918000  0.763000  5194.000000  -0.418248  293.110000
228754001  1.235000  3.804000  4891.000000  0.872766  609.820000
228758778  0.495000  0.495000  3647.000000  -1.408352  147.030000
228758948  0.921000  1.015000  5831.000000  0.030599  439.500000
228760097  0.733000  0.867000  5625.000000  -0.168777  187.230000
228763938  0.988000  0.824000  5009.000000  -0.414447  228.840000
228784812  0.984000  0.972000  5590.000000  -0.080326  342.140000
228798746  0.553000  0.588000  4523.000000  -0.884844  129.460000
228801451  0.959000  0.764000  5214.000000  -0.410434  102.560000
228804845  1.051000  1.348000  6070.000000  0.346829  540.770000
228809391  0.853000  0.919000  5632.000000  -0.116024  331.080000
228809550  1.197000  1.058000  5503.000000  -0.033936  876.560000
228813918  0.459000  0.464000  3555.000000  -1.508911  98.880000
228834632  0.609000  0.660000  4010.000000  -0.993640  282.550000
228836835  nan  nan  nan  nan  nan
228846243  1.111000  1.839000  5595.000000  0.475059  1347.930000
228849382  0.805000  0.684000  4336.000000  -0.826836  227.780000
228888935  0.911000  1.929000  5499.000000  0.486494  1233.280000
228894622  0.773000  0.717000  4298.000000  -0.801201  191.610000
228934525  0.628000  0.645000  3700.000000  -1.153379  129.360000
228952747  0.643000  0.660000  4200.000000  -0.913220  90.540000
228964773  0.777000  0.851000  5395.000000  -0.257480  788.150000
228968232  0.953000  0.755000  5137.000000  -0.446573  564.690000
228974324  0.504000  0.499000  3711.000000  -1.371140  64.010000
228974907  nan  nan  nan  nan  nan
229004835  nan  nan  nan  nan  nan
229017395  0.866000  1.333000  5770.000000  0.249058  661.870000
229039390  0.806000  1.062000  5953.000000  0.105887  437.590000
229103251  1.087000  1.252000  5635.000000  0.153479  740.110000
229131722  0.882000  1.112000  5962.000000  0.148472  416.460000
229133720  0.924000  0.707000  4861.000000  -0.599564  104.860000
229228348  nan  nan  nan  nan  nan
229426032  nan  nan  nan  nan  nan
245950175  0.911000  0.841000  5303.000000  -0.297627  202.590000
246042088  0.953000  0.788000  5068.000000  -0.432906  712.620000
246067459  4.096000  4.190000  5605.000000  1.193425  2279.330000
246074965  0.273000  0.300000  3605.000000  -1.863442  111.640000
246078672  0.972000  1.162000  5597.000000  0.076928  373.080000
246151543  0.751000  0.906000  5493.000000  -0.171810  392.250000
246178445  0.618000  0.623000  3696.000000  -1.185401  106.260000
246193072  0.937000  0.820000  5315.000000  -0.315665  233.240000
246199087  nan  nan  nan  nan  nan
246265680  1.085000  1.654000  5306.000000  0.290835  2684.320000
246270904  0.811000  0.726000  4202.000000  -0.829608  500.640000
246356732  1.334000  1.663000  6578.000000  0.668855  458.760000
246362870  0.748000  0.683000  4370.000000  -0.814538  253.770000
246389858  nan  nan  nan  nan  nan
246393474  0.760000  0.696000  4385.000000  -0.792208  61.870000
246429049  0.881000  1.071000  5678.000000  0.031055  265.910000
246441449  nan  nan  nan  nan  nan
246471491  1.029000  0.762000  5145.000000  -0.435854  154.960000
246472939  0.640000  0.670000  3894.000000  -1.031572  282.310000
246851721  1.368000  1.684000  6649.000000  0.698404  372.630000
246865365  nan  nan  nan  nan  nan
246876040  0.478000  0.631000  4938.000000  -0.671042  98.020000
246911830  1.376000  1.714000  6692.000000  0.724940  663.830000
246920193  0.896000  0.946000  5411.000000  -0.160413  143.360000
247047370  1.177000  0.846000  5222.000000  -0.319217  113.210000
247063356  0.912000  1.085000  5934.000000  0.118944  282.010000
247098361  0.882000  1.196000  6025.000000  0.229985  130.720000
247267267  0.568000  0.629000  3993.000000  -1.042807  107.270000
247418783  0.802000  0.896000  5563.000000  -0.159453  90.060000
247445728  0.883000  0.785000  5445.000000  -0.311574  320.780000
247589423  0.764000  0.725000  4231.000000  -0.818857  59.250000
247887989  0.460000  0.458000  3717.000000  -1.442804  75.170000
248435473  0.724000  0.707000  4296.000000  -0.814209  77.560000
248480671  0.584000  0.593000  3660.000000  -1.245272  77.690000
248545986  0.226000  0.256000  3682.000000  -1.964490  31.080000
248558190  0.607000  0.608000  3840.000000  -1.140173  123.420000
248616368  0.536000  0.537000  3639.000000  -1.341428  118.320000
248639308  0.513000  0.515000  3608.000000  -1.392625  136.670000
248777106  nan  nan  nan  nan  nan
248847494  1.129000  2.581000  4962.000000  0.560898  551.890000
249384674  0.338000  0.353000  3582.000000  -1.733254  112.490000
249451861  0.977000  1.084000  5521.000000  -0.007176  158.330000
249557502  nan  nan  nan  nan  nan
249622103  0.929000  0.728000  4755.000000  -0.612440  67.510000
249624646  1.272000  1.585000  6144.000000  0.508558  272.910000
249631677  nan  nan  nan  nan  nan
249801827  0.564000  0.566000  3759.000000  -1.239383  72.910000
249826231  0.554000  0.561000  3637.000000  -1.304406  147.870000
249889081  0.614000  0.617000  3914.000000  -1.094252  76.150000
249893012  0.765000  1.727000  5498.000000  0.390098  321.300000
251279430  0.993000  1.223000  5891.000000  0.210304  109.860000
251281013  1.450000  1.052000  5156.000000  -0.152022  594.130000
251286992  1.345000  0.963000  4785.000000  -0.358525  831.760000
251288417  0.334000  0.355000  3243.000000  -1.901061  94.220000
251292508  nan  nan  nan  nan  nan
251292838  1.004000  0.860000  5480.000000  -0.221186  237.410000
251294036  1.530000  1.083000  4749.000000  -0.269640  414.840000
251307609  1.795000  1.264000  5261.000000  0.042462  1100.910000
251308775  1.856000  2.361000  6051.000000  0.828195  723.970000
251314585  0.905000  1.927000  5119.000000  0.361199  1319.970000
251315031  1.040000  0.950000  5422.000000  -0.153220  480.200000
251319382  0.847000  0.931000  5737.000000  -0.072667  176.050000
251327548  1.359000  1.783000  5934.000000  0.550388  440.560000
251330444  1.412000  2.742000  4846.000000  0.572363  355.430000
251345848  1.015000  1.216000  6100.000000  0.265881  485.650000
251345849  0.903000  1.226000  5997.000000  0.243412  2369.790000
251347050  1.333000  1.999000  7433.000000  1.040977  1011.150000
251353301  1.057000  1.396000  6528.000000  0.503586  1706.890000
251356484  0.958000  1.618000  5862.000000  0.444835  1230.580000
251356953  1.324000  1.099000  5244.000000  -0.084659  764.780000
251380988  1.520000  1.792000  6106.000000  0.604398  650.840000
251383916  0.855000  1.154000  6012.000000  0.195182  2522.290000
251390801  1.239000  1.178000  5520.000000  0.064742  539.860000
251393748  1.804000  1.235000  5712.000000  0.165181  235.630000
251393916  1.276000  1.549000  5872.000000  0.409942  1862.010000
251394139  1.005000  1.424000  5728.000000  0.293727  355.020000
251404897  1.808000  1.199000  4372.000000  -0.324946  1066.950000
251411166  1.220000  3.770000  4767.000000  0.820358  1829.540000
251554286  nan  nan  nan  nan  nan
251809286  nan  nan  nan  nan  nan
251809628  nan  nan  nan  nan  nan
