60017806  398572544  348.494000
60021410  422618449  62.449100
201092629  152805642  149.464000
201102594  152701771  109.237000
201110617  176868262  150.210000
201111557  176942156  97.179500
201126503  380166702  290.062000
201127519  96244568  117.704000
201128338  56754291  108.449000
201130233  349445372  298.373000
201132684  35021200  197.299000
201147085  49427200  nan
201152065  173145687  212.291000
201155177  82054726  396.913000
201160662  49504409  666.230000
201164625  56754094  1032.420000
201166680  96199085  266.864000
201170410  38116202  nan
201176672  443616789  333.460000
201180665  349458175  601.265000
201182911  173109451  335.632000
201197348  62965118  360.103000
201205469  443616612  182.536000
201208431  49462779  231.828000
201211526  56814628  212.902000
201225286  35064295  170.998000
201227197  349456525  315.363000
201231064  349445839  916.319000
201231940  49429059  1138.640000
201238110  35019000  159.259000
201238163  173163938  299.406000
201239401  173147407  190.075000
201247497  78312435  793.131000
201257461  446672940  829.248000
201258341  421194234  84.947000
201259803  38132622  325.636000
201264302  38086751  71.893700
201270176  38116677  290.883000
201270464  38116680  307.784000
201274010  56813470  501.257000
201291843  421192026  118.959000
201295312  49427836  476.703000
201299088  56760106  573.991000
201324549  38161230  476.884000
201338508  38064757  202.943000
201345483  38087018  495.317000
201352100  349456881  194.195000
201357643  147677253  456.064000
201357835  147677251  449.790000
201359834  173164319  342.596000
201366540  443612346  328.871000
201367065  173103335  44.072700
201384232  446672575  316.819000
201386739  56721373  703.616000
201390048  94892940  124.433000
201390927  66664366  nan
201392505  56812600  273.773000
201393098  53210555  738.553000
201403446  49430892  449.237000
201407812  49428482  649.666000
201427007  66664249  706.391000
201427874  56760743  208.529000
201437844  56815340  109.353000
201441872  49417963  243.084000
201445392  38114658  403.513000
201445732  38140238  325.849000
201456770  147684088  511.581000
201460826  173090902  375.670000
201465501  82050863  82.963100
201488365  425281171  147.352000
201497682  301610040  253.026000
201498078  281731203  213.283000
201505350  281885301  289.827000
201512465  380543172  166.356000
201515470  363546314  345.000000
201516974  380576148  792.410000
201518346  325275315  3.374540
201521212  281782214  nan
201528215  363618134  333.838000
201528828  149969625  134.591000
201534540  363550117  262.833000
201541160  281731331  197.438000
201543531  396951334  415.742000
201546136  301610642  410.984000
201546283  363548415  249.645000
201549860  363478257  252.596000
201555883  397013318  527.641000
201556134  366682587  393.612000
201561956  325315497  690.858000
201563164  902906874  141.166000
201565013  325275220  1338.230000
201569483  301558541  233.550000
201577017  396999673  nan
201577035  363573185  272.360000
201577112  366661089  199.162000
201588420  363531159  219.562000
201595106  397052808  232.100000
201596316  301609547  329.309000
201596733  363516247  113.012000
201598502  397056271  143.125000
201606542  363480617  254.555000
201613023  396972464  326.381000
201615463  377171980  476.882000
201617985  337748956  126.182000
201619647  301560825  203.223000
201626686  363445389  649.935000
201629650  363479723  342.394000
201631267  380544493  1217.960000
201635132  363478545  229.954000
201635569  366683184  364.048000
201637175  363445338  243.836000
201639576  301468055  495.707000
201647718  301603728  349.881000
201649426  325315305  252.383000
201650711  363571922  91.409100
201654498  363548738  340.433000
201663879  301540319  209.071000
201666578  325314405  114.675000
201677835  397022282  313.764000
201683540  301624989  592.204000
201690311  325335564  457.125000
201702477  281888055  835.716000
201705526  363573780  235.679000
201713348  363445121  109.749000
201717159  397024870  370.696000
201717274  380545567  124.872000
201720401  376757872  2864.210000
201729655  903094635  nan
201732557  301605847  242.573000
201736247  366696612  493.992000
201754305  281886199  334.967000
201757695  380546118  577.598000
201775904  425280270  302.743000
201779067  425284468  499.583000
201785059  363515702  87.960500
201793642  380547741  232.354000
201796690  281748980  108.740000
201828749  281910149  212.292000
201833600  363444743  257.443000
201837434  301604245  239.506000
201841433  380583651  436.488000
201846824  350475295  270.109000
201855371  291090078  125.106000
201856786  291074740  155.425690
201862715  380619414  141.887000
201892470  396915707  409.502000
201896171  396947594  489.318000
201912552  388804061  38.026600
201920032  388897619  399.976000
201923289  388915104  442.991000
201925324  388769008  357.007000
201927336  396915596  365.788000
201928106  396915593  303.404000
201929294  388913291  2140.250000
202059377  55072605  273.796000
202060800  45545629  2085.720000
202062450  438102256  917.554000
202064253  44883470  1800.020000
202065819  83377800  6091.770000
202066192  83795004  4958.480000
202066537  58731207  4038.580000
202066811  387716346  2257.740000
202071289  83709114  264.567000
202071401  195129145  127.188000
202071635  386624472  2668.140000
202071645  306689250  401.292000
202071725  84453551  1062.670000
202072596  55234285  713.075000
202072965  84546771  471.459000
202083828  83181153  99.050400
202084970  58779100  161.444000
202085553  284490115  182.319000
202085597  55265307  3901.100000
202085698  82928381  6475.270000
202085934  58780846  138.859000
202086291  83375909  701.156000
202086968  438338723  502.407000
202088212  438071843  419.286000
202089657  385594855  391.428000
202090152  84442448  704.550000
202090723  79517411  668.375000
202090737  308490355  301.515000
202091388  385667471  433.512000
202092480  87474573  304.179000
202092559  367191694  236.832000
202092782  337079474  724.250000
202093020  307016006  680.973000
202093968  430049349  265.448000
202094740  284570702  459.014000
202126847  445959194  337.891000
202126849  284326455  143.651000
202126852  84339983  320.639000
202126853  58946313  764.195000
202126884  84599716  835.907000
202126887  87270008  760.324000
202126888  86543926  1120.210000
202137637  45179675  3649.900000
202139294  81729236  1383.320000
202565282  323020176  1565.840000
202600948  204818444  144.192000
202634963  68161800  603.858000
202675839  68694240  427.205000
202688980  98181869  462.950000
202710713  98044395  4791.680000
202774883  205337031  3363.810000
202821899  205336474  696.124000
202843107  392037308  nan
202893157  399151893  9319.510000
202900527  175636600  367.600000
202963882  68406313  142.246000
202971774  323013113  349.365000
203042994  98468044  nan
203070421  206005802  880.659000
203099398  68645284  35.434200
203139512  175749098  111.941000
203294831  66751054  601.432000
203311200  67235717  511.443000
203476597  98690271  157.614000
203485624  98170399  523.657000
203518244  98094704  676.494000
203533312  98088236  555.171000
203560204  67086160  148.374000
203581469  392396566  nan
203616858  15288043  247.386000
203623230  191091959  354.001000
203633064  77574118  685.821000
203692610  68131578  161.737000
203710387  98093602  166.168000
203753577  15197395  279.968000
203771098  68048686  170.562000
203776696  399155300  1038.410000
203784668  15976646  867.306000
203823381  175744910  269.137000
203826436  68504570  179.943000
203849738  68045555  147.465000
203867512  15657357  450.603000
203868608  98231712  nan
203914123  98233820  446.905000
203925865  15283600  377.553000
203929178  191148579  588.018000
203942067  68640538  441.991000
204043888  191097398  809.464000
204057095  49072130  239.550000
204124270  437589199  336.974000
204128016  48967368  334.817000
204129699  50171060  110.527000
204143627  49585759  138.150000
204165788  203822414  133.312000
204197636  12566211  290.683000
204221263  12666215  192.690000
204276894  73125748  1236.490000
204308061  205111658  94.259100
204312847  287548906  665.223000
204322265  204378237  102.889000
204346718  50064226  134.261000
204364515  12779416  nan
204432860  9676822  144.025000
204489514  9795183  143.715000
204506777  48796694  144.951000
204529573  72999657  60.530900
204546592  12629920  509.051000
204576757  204750233  423.406000
204579445  9794694  273.868000
204634789  13310825  305.337000
204649811  49915084  528.025000
204658292  49508641  366.941000
204676499  203063594  559.822000
204750116  220604190  187.222000
204760247  280160125  155.751000
204763194  12662204  133.224000
204791347  9675067  143.701000
204873331  162473307  552.872000
204880394  9669622  nan
204882444  220604303  144.086000
204884005  73510019  116.189000
204888276  12727298  81.381370
204890128  49652731  138.018000
204914585  48872108  337.993000
204990932  50176048  293.873000
204991696  49041158  166.757000
205029914  73355325  211.632000
205040048  48913354  91.036600
205046529  49040871  145.575000
205047565  162786866  nan
205050711  437486495  684.616000
205064326  73975747  933.196000
205071984  437444661  157.682000
205084841  73060581  843.771000
205111664  49512708  185.947000
205117205  49040478  139.268000
205145448  73060986  233.887000
205146011  49166516  265.263000
205148699  437578715  476.350000
205152172  49980826  157.823000
205170731  73827803  219.312000
205205452  287826852  97.068000
205224877  50091616  272.331000
205242733  204574260  271.855000
205252523  204574304  533.784000
205377483  48960705  1418.180000
205463986  410987459  223.184000
205470347  52394838  103.821000
205483055  398378460  289.569000
205483258  413551134  128.810000
205489894  413941417  45.772500
205503762  52482964  381.071000
205530323  414150513  49.553600
205570849  52897584  314.232000
205618538  52897229  715.205000
205632508  414334923  143.287000
205652650  52901037  129.055000
205686202  413753029  274.300000
205703094  413931133  547.751000
205904628  69747919  80.899400
205916793  12822545  174.955000
205924614  437704321  159.522000
205938820  12822755  326.358000
205939498  402313506  515.081000
205943325  437700900  377.061000
205944181  262467679  239.559000
205947161  240849748  338.491000
205947214  335920123  589.471000
205950854  437695245  243.935000
205951125  240810401  271.148000
205957328  240720796  222.996000
205962305  240721474  nan
205969319  12688638  559.223000
205976958  240627401  265.008000
205979483  240766738  279.752000
205981465  240811631  nan
205990339  102183048  nan
205996447  240720908  450.905000
205998649  206242530  869.212000
205999468  188509852  243.756000
206007892  12770870  235.867000
206008091  188509935  392.872000
206011496  146364192  138.671000
206011691  240766850  83.644800
206011849  206244160  302.059000
206024342  75266189  369.888000
206026136  146799150  264.213000
206026904  437703489  181.746000
206027655  188570847  311.313000
206028176  425075818  543.349000
206029242  102179635  271.395000
206029450  12654380  336.884000
206031623  402314082  322.525000
206032309  145752628  161.365000
206036749  206244337  432.465000
206038483  206284139  491.870000
206042996  12785571  451.769000
206044803  402314147  405.732000
206047055  188570992  569.822000
206049452  434095095  158.768000
206049764  206241306  606.128000
206055981  12821302  176.965000
206056433  188506937  396.559000
206061524  188500604  282.602000
206065006  12651095  467.298000
206082454  188507501  249.742000
206096602  434094657  112.467000
206101302  437699592  517.534000
206103150  102264230  264.780000
206114294  50230592  322.970000
206114630  50085270  103.625000
206119924  39936432  49.385500
206125618  38129680  499.891000
206133795  50089360  379.338000
206135075  250958785  585.961000
206135170  50068386  730.696000
206135267  38207353  48.315300
206135682  38136597  206.608000
206144956  38200266  nan
206146957  49984349  185.550000
206151047  38211474  612.027000
206152015  36576160  132.261000
206153219  50183101  513.877000
206154641  36592530  294.001000
206155547  38211505  1574.050000
206155922  39951505  215.136000
206159027  38258419  168.652000
206162305  39928614  180.697000
206169157  39999794  308.981000
206169375  36709376  521.311000
206175552  251004107  857.095000
206181769  250979498  232.964000
206192335  38136950  186.844000
206192813  402287746  153.192000
206208956  36578206  591.774000
206209135  38337202  66.432100
206215704  38355468  109.888000
206226146  50129964  387.009000
206245553  38354061  269.183000
206247743  250977648  307.470000
206260577  38298843  754.781000
206262341  250973122  364.335000
206267115  50183750  482.442000
206268084  251003731  763.771000
206268299  251018878  377.822000
206298289  205829973  150.277000
206311743  38355889  656.665000
206312951  40001194  144.943000
206315178  250956584  829.860000
206317286  250956593  314.350000
206318379  39926974  62.996900
206329937  250956642  157.821000
206344313  40001322  324.320000
206348688  250996363  561.930000
206358352  50181299  796.897000
206360885  250971988  208.673000
206369173  250956798  1991.320000
206403979  2024257567  1854.540000
206414361  38154097  152.541000
206417197  40001824  294.895000
206432863  40001645  693.334000
206439513  176106162  591.170000
206461841  125248731  100.694000
206468053  250321939  541.510000
206476150  250314667  291.339000
206500801  439837578  399.398000
206532093  439856939  444.134000
206535016  439850033  157.917000
206543223  439861938  241.840000
207389002  387141176  2491.380000
207517400  438065409  1612.120000
207739861  55265311  3435.380000
208445756  331872038  1907.700000
208833261  238586172  1490.490000
209036259  426586437  3834.440000
209286622  83017021  1887.970000
210363145  435339847  141.731000
210365511  242990922  nan
210371175  348667600  349.770000
210384192  435332935  386.466000
210389383  348667759  511.321000
210394706  243011824  161.503000
210400751  59003115  146.905000
210401157  242968550  262.672000
210402237  435339558  256.011000
210403955  242961495  200.802000
210414957  435880578  474.610000
210418253  435904279  217.647000
210423938  242994397  148.954000
210448987  59040029  252.318000
210463428  434260570  143.979279
210472483  435880130  956.796000
210483889  242940281  1741.970000
210490365  434226736  44.956500
210495066  242993941  139.317000
210508766  242988068  125.529000
210512842  242993844  228.641000
210513446  389006033  260.903000
210524811  435913263  106.003000
210550063  243030574  216.411000
210558622  243014114  99.929300
210559259  242982776  254.162000
210564155  243008817  59.969700
210576234  435298056  198.032000
210577548  434133930  284.876000
210598340  434165964  798.465000
210605073  673674372  1629.150000
210609658  434133200  644.682000
210625740  243017567  245.861000
210626797  435305058  647.062000
210629082  59004498  386.599000
210643811  435279748  247.266000
210659688  434129836  165.303000
210659945  435334561  275.438721
210664763  435279642  360.781000
210666756  242942524  311.107000
210667381  440724456  247.302000
210678858  25958209  218.685000
210693462  640381384  65.613800
210696763  26055820  93.145800
210706310  14160396  279.463000
210707130  14160842  97.217900
210708830  440724659  264.527000
210718708  25958378  258.699000
210731500  17409453  491.242000
210736056  113953280  143.697000
210744674  17335456  537.214000
210750726  113979956  110.561000
210754505  17150865  568.754000
210768568  440701570  298.219000
210769880  15932677  753.253000
210775710  113921235  245.962000
210777017  14228017  220.327000
210789323  114062321  402.788000
210797580  456945304  144.202000
210801536  26054964  nan
210813978  440687872  214.800000
210818897  15756231  108.199000
210827030  15821111  33.185700
210838726  440687723  86.038600
210843708  440699530  1740.920000
210848071  26123781  179.461000
210852232  14080244  327.984000
210857328  114031109  492.167000
210877025  61141802  252.985000
210894022  14227229  200.394000
210897587  17307715  72.799800
210903662  14230289  565.537000
210925707  440687177  257.528000
210933299  61145203  93.112300
210935498  440727989  283.555000
210945680  61116662  227.124000
210954046  14333263  1178.140000
210956385  440695298  488.495000
210957318  26017005  333.042000
210958990  15935339  447.300000
210961508  14226699  651.915000
210965800  26078330  214.753000
210967369  26078343  267.405000
210968143  14111411  134.188000
211002562  61113635  674.495000
211009047  14334541  607.099000
211048999  14078624  190.810000
211058748  14110700  271.740000
211064647  56621708  1065.450000
211077024  56520147  62.578500
211082420  125754991  139.024000
211087003  149923858  251.117000
211089792  56399553  178.475000
211093684  35159657  133.002000
211106187  149907584  2830.270000
211107835  302545802  163.019000
211133138  23076555  nan
211147528  427740976  550.363000
211152484  22987989  481.573000
211158357  84336349  99.958000
211169300  348723705  664.058000
211201576  125757123  460.386000
211305568  459056070  90.161300
211308899  444013500  3433.040000
211309648  458686969  910.734000
211311380  366443426  106.289000
211314705  468989066  91.722000
211315836  366409685  571.447000
211319617  366411016  203.896000
211319779  366499151  207.618000
211321953  468984101  640.961000
211327855  366500350  345.761000
211328748  366657411  147.997000
211331236  458686847  101.632000
211333233  366484561  1239.500000
211335816  366443576  528.469000
211336288  444034296  200.754000
211336616  437031055  2843.740000
211342524  366622585  598.189000
211351816  366568760  878.430000
211355342  366528389  360.911000
211357309  444010408  68.880700
211359660  366631954  154.830000
211365543  366528275  516.833000
211372788  443996667  1158.050000
211375488  396847085  nan
211383821  443970567  228.662000
211390903  437026476  2172.670000
211391664  366410512  518.625000
211393988  458686504  1425.020000
211396431  323658556  1396.270000
211397774  323495801  1263.420000
211397844  323492710  2010.240000
211399359  366622912  442.813000
211401787  366484980  160.125000
211402878  323687228  223.670000
211407755  437026363  307.603000
211408138  437039073  468.472000
211408558  458655713  233.606000
211409299  443970332  296.218000
211411891  323599971  344.667000
211413463  468988377  956.304000
211413752  444037742  327.783000
211414619  323687123  21.818200
211418290  21245173  485.949000
211418729  366576758  475.758000
211419451  458655766  586.562000
211422822  337645868  880.732000
211424769  21184505  121.882000
211425822  323710512  1039.390000
211428897  21221785  80.635390
211429934  323600013  1311.540000
211430148  21339579  1356.660000
211431013  46305551  1639.650000
211432103  46384262  323.037000
211432167  46305289  177.059000
211432176  46305289  177.059000
211432922  46305284  684.542000
211432946  46295920  119.437000
211436313  321287850  331.583000
211436876  20444600  374.534000
211438731  437045133  100.735000
211439059  293462073  297.800000
211442297  7020254  413.591000
211442571  6992156  350.670000
211449931  333799831  965.222000
211451776  46384144  235.135000
211452175  437064784  870.321000
211453076  337608311  52.773000
211453223  21339453  656.243000
211468153  293379583  892.766000
211469889  437054922  443.535000
211471048  46364794  1242.660000
211477347  333800199  2809.890000
211480861  186817940  313.867000
211490299  293413388  nan
211490999  333800257  463.880000
211491383  21339280  360.760000
211492384  293376547  543.662000
211492449  357245718  4471.440000
211492541  46296525  1050.380000
211493669  293410491  336.045000
211502222  46296576  211.430000
211503824  437041827  209.240000
211505089  27629918  172.926000
211506851  21245633  394.341000
211509553  437054764  268.685000
211509665  21335877  1871.140000
211510580  6997053  100.614000
211516501  330621757  580.847000
211524114  293410627  911.716000
211524558  330637005  510.106000
211525389  6892385  197.989000
211525753  186853124  500.497000
211526186  437058038  1262.450000
211529065  293375721  280.518000
211529129  20537900  126.339000
211533633  321287452  108.027000
211534342  257217236  861.467000
211535327  386617915  488.572000
211535481  357245956  912.018000
211537087  20536788  355.540000
211538193  337607565  751.350000
211539054  27626711  229.567000
211540348  21277241  1327.760000
211541590  330693022  131.401400
211543616  293379254  1256.050000
211544257  46299496  545.351000
211546613  330637910  272.640000
211551160  6992808  264.912000
211552050  46364379  215.371000
211562654  60256211  329.041000
211563123  337646605  1221.610000
211569704  408826742  1700.470000
211572480  186852815  577.993000
211572511  7020982  214.164000
211578235  437055818  763.080000
211579112  330621494  123.202000
211579683  60285925  362.707000
211586387  330691943  323.193000
211589784  257217462  359.283000
211590050  437055868  866.259000
211594205  21244210  75.585700
211600389  46383447  1495.880000
211600632  46383446  nan
211604981  35245519  1133.610000
211606790  257217518  431.458000
211607670  46385217  657.880000
211607804  321285296  1212.710000
211611139  437042281  594.041000
211611158  337607207  268.357000
211613886  437064171  352.388000
211616939  46362146  1523.800000
211619120  337631062  1179.640000
211619805  46362153  151.301000
211619879  21222860  nan
211620138  46362156  478.281000
211621644  358116195  1437.760000
211621961  293412804  3503.830000
211625003  437049273  514.007000
211626490  357265977  1405.010000
211630537  46383318  974.491000
211631538  46256423  411.227000
211631904  21338583  363.727000
211638401  330690093  137.778000
211638883  437045991  585.582000
211639283  330623017  1574.300000
211642307  27682121  nan
211642882  337648770  310.197000
211644647  46363964  1152.340000
211644764  20483642  980.582000
211645912  60256710  348.572000
211647930  330690135  343.990000
211649214  46309013  2881.500000
211651743  21286697  2574.170000
211662047  437046093  599.928000
211663508  21288341  655.349000
211663688  46362325  99.106200
211664543  330623115  405.703000
211673349  333801043  300.045000
211679060  437043882  651.939000
211680698  293496724  321.722000
211682423  293496731  530.425000
211682544  21276520  162.481000
211685045  27635603  201.710000
211694226  46260231  132.812000
211705502  186815660  774.157000
211705654  293367244  377.686000
211710534  293412472  720.982000
211711685  46378204  290.239000
211713099  60286662  564.454000
211718105  21338146  1793.740000
211718187  437043712  159.941000
211719484  27651759  807.271000
211721325  46259015  1241.860000
211724246  337647366  1175.980000
211728689  21224455  593.449000
211730024  330687113  371.823000
211730267  293459761  517.687000
211731298  21223416  288.240000
211732116  321285788  359.439000
211732801  21247814  421.763000
211733267  21337019  213.500000
211736305  21288020  546.074000
211736671  27635334  477.295000
211737652  293378411  3281.300000
211738534  330656251  179.563000
211741619  293459807  124.362000
211743874  21247758  557.993000
211744153  333801337  2652.550000
211750072  21337091  567.958000
211754117  437042880  388.413000
211754962  284850530  185.767000
211759163  46382747  nan
211762841  21220097  239.729000
211763214  46382728  239.289000
211764271  46307919  461.706000
211764373  46307917  470.558000
211765695  21337940  268.776000
211768007  46259213  1794.750000
211770390  293377708  375.949000
211770696  20484888  421.636000
211770795  293460551  365.581000
211770867  27549827  609.973000
211779390  186814470  156.951000
211783206  21337864  nan
211784767  6953394  459.355000
211788221  7059194  59.088900
211791178  293497191  287.156000
211796070  20497205  269.311000
211797637  333801563  221.111000
211799258  20497187  181.189000
211800191  46298321  400.766000
211804579  21223786  195.689000
211807456  21275579  762.137000
211808055  21223810  591.035000
211809568  330635636  1303.740000
211812160  46307317  2072.980000
211812935  46307587  806.705000
211814313  293366865  1917.900000
211814733  46259700  478.688000
211816003  46259692  423.065000
211817229  7059061  42.891400
211818569  7059054  169.398000
211822797  337632006  186.197000
211822953  293366828  398.044000
211825866  186814739  397.097000
211826814  20484508  nan
211828142  321286306  270.464000
211829982  35262088  471.811000
211830293  330635825  424.785000
211831378  6953740  491.198000
211834065  46259496  514.288000
211837343  186814898  491.148000
211838158  330635757  1354.330000
211839430  46259520  556.574000
211839462  46259521  544.411000
211841496  437063370  nan
211843564  82508808  379.430000
211852187  203218029  308.234000
211858408  175265245  644.303000
211858489  175240977  577.178000
211859295  331986832  282.878000
211863149  332025516  116.983000
211876245  197247443  923.239000
211885185  184896010  680.351000
211886472  386891333  501.182000
211892082  184913989  228.973000
211892395  203253674  927.712000
211897272  14677590  276.980000
211897691  175241633  360.360000
211901114  175291050  184.055000
211904310  307678062  1062.830000
211906259  184914053  406.157000
211906650  203228393  330.739000
211906940  238609772  262.007000
211910237  386891430  466.057000
211913395  178277857  459.035000
211913977  175265494  188.330000
211914445  175291001  908.340000
211914718  197247867  173.184000
211914889  175240357  192.997000
211914960  175261801  187.929000
211914998  197241396  480.307000
211915147  175233327  208.619000
211916756  195193025  179.854000
211919004  175233369  308.105000
211919555  184917443  nan
211919842  184914124  407.382000
211920462  800891488  1930.830000
211920528  184896167  641.363000
211920604  184895527  981.161000
211920811  184892891  1514.470000
211923431  178246831  738.136000
211924657  175261852  79.300200
211925181  14568606  444.665000
211925595  197192372  466.711000
211928959  197219837  1177.150000
211929937  195192253  514.449000
211934173  175231643  284.828000
211939692  178278676  408.404000
211941472  175290867  289.342000
211942157  238607300  1213.200000
211942755  14433733  349.289000
211945201  243244680  181.690000
211946007  184892124  185.731000
211953244  14635246  120.419000
211955798  238607343  544.461000
211964001  175262042  187.293000
211964025  175262043  189.453000
211964332  175194992  657.667000
211964555  175194989  nan
211964830  184914317  185.605000
211965883  203287539  209.555000
211969807  175194958  189.289000
211970147  175262071  188.175000
211970234  203281658  162.067000
211972086  238607424  186.063000
211972627  175265769  183.013000
211972681  175262084  621.412000
211972837  175239726  1129.300000
211978865  82330323  1250.390000
211978988  175290685  421.408000
211987231  386908047  293.633000
211988320  203281736  202.801000
211990866  307733361  188.959000
211993818  14602163  322.628000
211995325  184898467  163.746000
211995398  82325163  738.829000
211997641  386890582  1006.100000
212002525  175239295  188.025000
212006318  175290532  696.100000
212006344  14635562  72.044400
212008766  195193560  228.327000
212009150  14676965  100.558000
212009427  178247259  183.229000
212009702  203287337  1072.930000
212010565  203238481  2882.330000
212012119  332022997  123.438000
212012387  197216846  306.822000
212019055  14705462  655.284000
212020442  238609359  174.950000
212024647  178247340  218.506000
212024672  178245471  474.341827
212026226  243246425  2873.750000
212033577  243246389  549.485000
212035441  178268711  196.900000
212036875  203214138  306.570000
212037403  178268725  377.273000
212039539  178247416  847.096000
212040382  203287192  923.354000
212041206  195183319  459.870000
212041476  203214117  275.839000
212044495  386908279  453.469000
212048046  195187524  529.649000
212048503  238609221  551.825000
212048748  203214081  27.927600
212052250  178270522  1209.910000
212053988  203220660  804.474000
212058012  197215129  208.357000
212060710  197221886  712.719000
212060895  85978461  nan
212066407  175235241  905.484000
212066805  178245246  292.970000
212068493  203287069  644.775000
212069706  197218432  478.589000
212069861  197249801  161.555000
212071939  197220483  3310.660000
212072539  197246627  166.169000
212075294  195183092  nan
212075842  203282135  2293.470000
212081533  203289099  75.169100
212082682  197217186  573.461000
212083250  238607981  428.790000
212083455  238607982  204.192000
212085654  203280050  689.484000
212085740  178219778  692.795000
212086717  386906530  780.540000
212088059  238608004  162.408000
212096658  14675072  49.779700
212099230  178266267  123.647000
212109233  386908564  521.625000
212110007  197217322  619.729000
212110888  178217113  348.646000
212114260  203252180  312.174000
212115388  195182846  372.010000
212116340  197218183  206.923000
212117087  178270116  587.214000
212120773  332023536  312.430000
212130773  14570090  488.152000
212132195  14570099  105.580000
212133517  14603150  465.051000
212136123  195191027  569.614000
212138198  14570132  238.775000
212141021  178248086  274.014000
212150006  178269359  nan
212152341  801264959  769.424000
212154158  243245547  1223.870000
212154564  197221381  140.385000
212157262  332024125  330.916000
212159514  197217588  2031.740000
212159623  178220228  329.537000
212161956  14603874  320.336000
212163353  197246150  509.353000
212164470  175236511  446.821000
212171851  197217878  1869.170000
212175087  203226490  1531.040000
212178066  175193677  35.260000
212181307  203279400  1347.230000
212181460  353930243  1683.080000
212182233  184894254  1295.540000
212194007  126314157  920.972000
212204403  117275513  201.856000
212207194  117162442  599.545000
212207368  117278832  157.625000
212208163  117248231  2967.260000
212210390  355125919  278.166000
212214592  117353968  700.399000
212219881  117357458  767.471000
212221986  126277741  265.780000
212222383  117414377  161.610000
212223307  117278634  329.005000
212225413  117357382  888.636000
212225806  117254292  913.250000
212225986  117274972  228.349000
212227092  117380199  207.293000
212228567  117414451  2622.550000
212228588  117247752  323.769000
212228994  117354651  908.898000
212270970  437331306  941.744000
212278644  287028219  936.196000
212283840  203378677  376.519000
212294561  392467438  348.015000
212297394  287331845  418.395000
212300977  294301883  297.462000
212301649  335040757  461.318000
212303338  422290347  80.302500
212304395  405676235  551.776000
212310244  346038323  453.754000
212311834  335696950  805.825000
212315941  422327208  375.092000
212321305  405680435  1138.250000
212328538  346038506  267.728000
212329106  290055205  569.102000
212330265  386767605  177.501000
212346723  290058804  620.590000
212351026  335103607  132.918000
212351405  335103599  nan
212351868  392466752  308.895000
212357477  404421005  113.123000
212362217  357512769  380.580000
212370106  335010092  333.063000
212380207  357446982  336.109000
212393193  189677517  367.105000
212394689  422349881  242.113000
212396050  297149214  391.870000
212398486  405673618  124.156000
212398508  422349843  485.771000
212406474  357494741  672.634000
212409658  335009833  358.223000
212418133  422334505  786.439000
212420823  347812320  453.567000
212421673  335103137  1277.940000
212421749  357514459  521.039000
212422536  357447277  291.378000
212424622  297146115  611.804000
212425103  405675224  590.452000
212428509  422349623  440.680000
212432685  405675181  296.023000
212434019  357494933  289.723000
212435047  404422809  361.175000
212440430  294319820  489.368000
212443457  335699506  928.672000
212443973  392466042  nan
212451091  385433521  697.264000
212454160  294268997  599.351000
212454422  347754632  170.258000
212460519  422349422  102.953000
212464382  335639322  154.177000
212480208  392469577  160.679000
212495601  347808666  618.856000
212496592  335102224  287.188000
212497862  308180325  112.258000
212499835  287346191  2424.480000
212499991  297146957  283.290000
212521166  287333762  116.474000
212524671  405674574  235.002000
212525174  290039692  194.771000
212525618  422348973  469.490000
212529560  404422257  688.583000
212530118  422325510  195.149000
212534729  392509341  368.464000
212535959  345985861  1016.280000
212540985  678806  1865.480000
212543933  187273748  694.734000
212554013  187309502  709.999000
212555594  187273811  221.753000
212560683  678699  247.376000
212562715  179022719  393.306000
212563850  178973368  119.379000
212569876  179019702  494.551000
212570977  270486211  701.022000
212572439  678621  285.382000
212572452  678620  291.948000
212575828  741119  687.973000
212577658  2619799  nan
212579164  134978629  664.868000
212579424  134968281  3353.730000
212580872  741596  411.923000
212585579  707724  434.609000
212586030  270486112  590.762000
212587672  771548  320.070000
212590677  2535051  499.853000
212592101  774688  168.953000
212601505  196681132  98.101190
212616320  668643  803.651000
212621075  134981907  352.373000
212622766  2705974  432.644000
212624936  2764004  561.929000
212628098  178949778  212.880000
212628254  743941  114.293000
212634172  179033276  100.833000
212636654  196684473  593.791000
212639319  178925813  759.054000
212645891  2712931  400.006000
212646483  19924852  1216.380000
212648083  178924738  503.022000
212652418  743782  439.945000
212661144  2626856  528.470000
212672300  706595  629.510000
212679181  179017896  52.050510
212679798  196679909  468.892000
212685467  2539506  467.996000
212686205  677945  114.637000
212688722  270498540  1949.060000
212688920  616321  543.381000
212689874  178941218  315.014000
212690867  619430  157.146000
212691422  178954837  584.877000
212691727  178948493  400.633000
212697709  179012583  334.037000
212703473  178999850  178.226000
212705192  196681768  534.898000
212712473  2623869  nan
212730483  178957243  182.528000
212735133  179023674  689.524000
212735333  179032688  247.637000
212737443  670036  336.250000
212743333  134983213  302.854000
212746655  178919840  624.090000
212753343  713672  273.744000
212756297  2521105  181.374000
212757601  2558796  1531.420000
212768333  135043332  110.567000
212771557  178920155  488.679000
212772113  617029  371.772000
212772313  196670888  132.238000
212773272  187313966  122.410000
212773309  187313967  120.644000
212779563  187278212  44.526000
212779596  2621212  107.518000
212782836  709015  182.983000
212783902  2707076  1967.100000
212796016  61097426  187.747000
212797028  305803411  847.991000
212803289  176966903  519.229000
212813907  203206013  382.814000
212817071  295680406  432.673000
212821706  130712824  225.309000
212828909  115072772  184.131000
212830737  119131216  586.920000
212833814  61072862  242.406000
212839127  115016484  1015.390000
212844216  115073563  5827.150000
212865617  270484318  nan
212870185  130725309  470.651000
212883391  130691696  460.478000
213123443  425575714  496.832000
213408445  168152235  8706.150000
213462890  2527981  249.029861
213546283  2670610  300.655000
213703832  168148778  4777.670000
213715787  398275886  90.549400
213722591  168299520  280.867000
213748480  325358229  911.704000
213817056  90785991  207.219000
213840781  168545735  602.184000
213919434  90784652  603.437000
213919915  1927591281  99.960100
213920015  1927591279  92.461500
213951550  466045629  164.337000
214173069  90090343  182.207000
214234110  379912221  207.966000
214254518  108428312  88.175100
214419545  90605642  249.303000
214512594  2130074  858.471000
214522613  379956601  82.247600
214611894  465926320  286.762000
214630761  155246423  1632.440000
214741009  154896670  2948.780000
214787262  2468648  27.795700
214888033  154796579  512.891000
214912104  168089445  1327.270000
214984368  154797962  5933.990000
215101303  2615734  1484.790000
215125108  325608531  5304.360000
215171927  96932854  215.626000
215175768  324364668  372.764000
215234145  97319562  328.975000
215353525  444054986  664.390000
215358983  96708837  1159.180000
215364084  465915500  1634.870000
215381481  155684179  7293.030000
215389654  90684200  323.937000
215502661  405831271  247.207000
215525178  90682548  184.786000
215714765  125702445  739.351000
215717520  3967390  177.075000
215739094  11181323  682.985000
215816368  68959822  1420.160000
215854715  123787162  229.811000
215894766  3881465  484.765000
215938010  119268666  575.697000
215969174  119262291  856.436000
216008129  125060509  197.932000
216050437  125060527  477.026000
216111905  5604455  409.372000
216114172  128168004  311.378000
216166748  120557280  264.321000
216212516  187612272  145.158000
216231580  128168083  996.938000
216334329  10280439  805.464000
216357880  187838615  218.345000
216363472  177871423  221.962000
216387101  442101253  1133.410000
216405287  441907126  300.397000
216414930  11439959  944.603000
216468514  414843476  685.200000
216494238  119605900  391.537000
216876207  177542025  119.005000
216892056  119907347  45.749400
217084873  441899342  642.186000
217149884  12533482  908.519000
217192839  10195089  145.701000
217231249  336598228  1059.570000
217393088  11445231  2182.870000
217671466  12611594  638.700000
217855533  11952309  275.326000
217941732  12181371  118.011000
217977895  187960878  278.412000
218131080  11270200  746.138000
218170789  225090852  571.458000
218195416  442025716  823.927000
218300572  187539699  1030.660000
218304292  336681160  380.932000
218332621  187539305  685.160000
218621322  377240984  299.538000
218668602  31244979  203.788000
218695436  12128679  473.822000
218701083  187506576  539.168000
218709665  179996779  601.274000
218711655  377241703  372.956000
218874453  414772236  361.896000
218901589  335899543  126.069000
218916923  11023038  153.856000
218952024  350745858  5088.260000
218973982  130283326  nan
219111248  130013676  213.129000
219114906  345024270  193.329000
219256848  201149669  3493.000000
219266595  6979435  252.377000
219388192  130633912  305.038000
219420915  446474423  450.472000
219480273  6591443  293.753000
219610716  6982778  2010.560000
219747794  130630665  nan
219760360  6984477  679.951000
219800881  130538732  321.215000
220168663  269594456  219.635000
220170303  333605244  166.147000
220173278  248378702  307.706000
220186645  248351386  577.235000
220187552  248942621  nan
220192485  248387177  159.676000
220194974  423358488  124.458000
220198551  248391319  232.822000
220201207  248382917  324.770000
220204960  257395093  532.374000
220207765  399725072  195.795000
220209578  380886534  830.221000
220211923  344661825  405.301000
220216730  257392778  244.443000
220218012  257571543  363.064000
220221272  399702475  82.660300
220225178  399722652  256.887000
220228500  388816604  427.038000
220241529  257436461  76.498600
220245303  388777728  150.193000
220250254  388801714  176.510000
220256496  399731211  272.297000
220258394  388777783  488.796000
220260084  399673448  630.789000
220263105  344770364  362.117000
220267210  388796986  180.075000
220275625  388801599  138.464000
220280237  344298851  471.523000
220282718  257218673  765.396000
220287611  344775682  294.452000
220288191  344301618  383.477000
220288594  344627644  271.952000
220290988  344754408  449.919000
220292715  388810419  157.811000
220294712  336893387  427.026000
220299658  610791326  283.430000
220303276  380907135  376.658000
220309058  328067813  109.269000
220315508  336956423  121.226000
220316844  257558789  671.807000
220317172  344772345  208.936000
220321605  388811663  109.218000
220322327  344278776  397.887000
220336320  365003901  nan
220341183  257435562  389.702000
220342163  344631944  257.279000
220356827  336956250  522.655000
220376054  344657681  300.640000
220383386  318707987  47.289900
220393791  344716098  568.667000
220395416  344770978  455.775000
220397060  318708039  815.767000
220400100  328066864  250.183000
220400525  344772652  318.408000
220401029  344280587  371.406000
220410754  344713897  467.943000
220416518  344712077  511.114000
220431824  257434940  676.848000
220434612  257591913  241.243000
220436189  344298300  205.199000
220436208  257394133  718.648000
220436943  388767936  458.234000
220443340  328083717  115.222000
220448185  369480087  233.735000
220459477  257429687  420.819000
220466136  344756033  523.873000
220470563  344586726  313.326000
220471100  344718693  538.349000
220471666  376905329  403.964000
220477223  257800191  266.331000
220481411  418761354  115.461000
220482322  369478723  569.214000
220487418  405333767  381.878000
220492298  257802602  624.512000
220492492  376935115  639.618000
220501947  610976842  232.801000
220503236  266014458  394.083000
220504338  376939759  635.722000
220510874  376879052  428.785000
220522262  380884458  458.139000
220522664  429035886  123.676000
220526079  257913832  441.434000
220527374  408517614  452.880000
220542353  266074740  129.944000
220554210  266030192  496.289000
220555384  406410648  nan
220556827  406410644  256.187000
220562610  376906028  400.270000
220565337  401433551  227.452000
220565349  376921348  603.921000
220571481  266074031  545.752000
220573228  380884709  185.272000
220579319  266012798  545.213000
220592745  266014079  325.400000
220598331  376879419  102.483000
220598367  257816591  595.529000
220605820  369478173  1096.560000
220606084  429052510  727.107000
220616148  401493706  716.222000
220621087  376936928  69.479800
220621788  266012991  233.514000
220629489  266017624  402.915000
220631484  257804318  412.391000
220639177  266013060  205.004000
220643470  405336406  2163.130000
220644522  266030611  498.105000
220648214  257814430  368.170000
220650439  257801011  318.810000
220650843  369472094  228.069000
220657558  369474686  781.332000
220663602  257815127  91.372200
220666631  369476611  697.365000
220674823  266015990  244.590000
220679255  266031238  319.814000
220696233  376938120  266.318000
220708327  406412126  402.904000
220709978  257774438  101.321000
220725183  414920805  465.910000
226042826  233023063  179.392000
228682364  800830102  520.768000
228707509  98753307  858.145000
228720681  110996418  696.695000
228721452  98594138  198.604000
228724232  429302040  64.741400
228724899  152870383  427.124000
228725791  110999033  258.113000
228725972  32425577  275.255000
228729473  98677050  570.606000
228732031  176868951  152.509000
228734889  429302130  376.481000
228734900  98677125  357.778000
228735255  380255458  347.917000
228736155  176938958  211.265000
228737155  176943961  3177.470000
228739306  176869982  406.254000
228748383  176910179  521.716000
228748826  98591691  414.708000
228753871  98675725  293.107000
228754001  152852327  609.818000
228758778  156584871  147.030000
228758948  288605104  439.498000
228760097  156599123  187.234000
228763938  152868838  228.839000
228784812  98627779  342.142000
228798746  98751904  129.460000
228801451  98720809  102.564000
228804845  288527728  540.773000
228809391  176944608  331.083000
228809550  98669309  876.565000
228813918  98720702  98.876500
228814754  98674982  44.176900
228834632  175371660  282.554000
228836835  51641442  150.124000
228846243  130643080  1347.930000
228849382  147683165  227.775000
228872473  51640851  952.829000
228888935  94925023  1233.280000
228894622  51664268  191.608000
228934525  175371068  129.356000
228952747  130589987  90.535200
228964773  94923808  788.147000
228968232  94893626  564.693000
228974324  130640162  64.006500
228974907  130610137  375.672000
229004835  94924543  121.971000
229017395  130634730  661.873000
229039390  130639648  437.590000
229103251  291157563  740.114000
229131722  377259959  416.457000
229133720  377263357  104.856000
229228348  130700441  382.887000
229426032  16288184  314.995000
230517965  198667693  98.615600
236744423  77900781  615.579000
245928102  49687294  325.593000
245943455  49735922  290.495000
245944983  8995204  139.371000
245950175  4610830  202.585000
245991048  9030096  259.208000
245995977  9030119  456.122000
246022853  49591398  279.088000
246030759  9099036  469.827000
246042088  49591302  712.620000
246048459  4553489  83.970500
246061904  404225518  309.923000
246067130  8939120  252.314000
246067459  404243877  537.963000
246074314  9054633  507.940000
246074965  8918021  111.638000
246078343  423610130  285.162000
246078672  49709169  373.078000
246084398  8963531  406.985000
246088339  423612780  551.496000
246120353  49784497  143.481000
246151543  49679172  392.251000
246163416  301328381  118.925507
246178445  278965554  106.260000
246193072  301258470  233.237000
246199087  278892590  nan
246220667  301288279  260.036000
246260670  301328844  509.382000
246261316  398573061  371.377000
246265680  301176722  2684.320000
246270904  250107419  500.636000
246290342  136820022  534.301000
246310303  301137296  520.702000
246313886  313885044  155.764000
246317113  136821197  nan
246325464  301256862  nan
246331347  38333081  189.955000
246331418  301134534  157.001000
246356732  301138749  458.764000
246362870  38270198  253.772000
246366798  301174595  566.932000
246377038  311056047  1036.960000
246380972  248050726  362.567000
246389858  301289516  29.661000
246393474  301235044  61.873600
246405278  301080852  1034.480000
246429049  279046938  265.914000
246429728  301175013  176.564000
246441449  262662119  453.099000
246448041  262567644  610.769000
246471491  262715204  154.961000
246472939  422487869  282.308000
246711015  303676760  nan
246777408  245902092  474.178000
246851148  436574070  148.353000
246851721  411839167  372.632000
246865365  411697517  1314.530000
246876040  436575927  98.015200
246891819  245946724  286.727000
246899433  311365815  nan
246909566  293836988  98.266700
246911830  293612446  663.834000
246920193  436725149  143.364000
246947582  436615005  365.610000
246953392  59088823  274.864000
246987084  436725612  304.184000
247047370  68893269  113.205000
247063356  68576786  282.011000
247098361  68577662  130.720000
247122439  68655248  215.202000
247164043  68646526  128.654000
247223703  18540366  258.033000
247226616  337575333  816.763000
247267267  5882269  107.272000
247281516  68746914  726.871000
247383003  6139066  199.354000
247396991  18482620  364.464000
247418783  27039476  90.056200
247422570  69274518  654.085000
247445728  118447675  320.780000
247560727  69054629  684.200000
247562358  18483759  312.929000
247589423  18310799  59.247400
247698108  238416379  1165.320000
247708770  69086979  2925.420000
247724061  337418339  325.769000
247744801  59959987  375.171000
247856284  85108908  402.930000
247874191  60267998  867.887000
247885088  349072212  208.081000
247887989  150096001  75.170300
247988033  268280043  84.418010
248018863  268023701  439.116000
248222323  60010019  244.912000
248420036  374179977  351.038000
248435473  374180079  77.558600
248463350  281660552  606.992000
248472140  374200604  515.491000
248480671  277833995  77.688800
248518307  345034874  62.380400
248526480  374339383  792.086000
248527514  345063080  200.727000
248527709  277697921  157.656000
248545986  374339566  31.084900
248558190  277869696  123.415000
248574836  374269904  1139.590000
248616368  392852196  118.318000
248621597  393548451  523.055000
248639308  392817207  136.667000
248639411  349986198  245.302000
248740016  392850705  192.047000
248740571  392848730  465.667000
248740905  350074163  306.918000
248758353  365007485  246.599000
248775938  393496970  303.067000
248777106  350020859  132.345000
248782482  349987359  62.047900
248827616  350022495  469.063000
248847494  392876254  551.886000
248861279  61312205  121.630000
248865761  358805916  574.665000
248869142  63838888  208.346000
248874928  149496868  197.234000
249217834  186282430  398.534000
249223471  292202337  85.375100
249236972  23507318  152.095000
249239123  292263845  568.505000
249373875  438900799  510.418000
249384674  73943566  112.486000
249391469  73803791  101.260000
249401939  73848795  297.118000
249403651  422685031  218.376000
249418609  422668855  338.696000
249451861  73848324  158.335000
249476992  428875585  312.413000
249557502  70412892  176.291000
249559552  428918500  207.468000
249561595  287539569  1208.990000
249599275  287538776  422.123000
249622103  428820090  67.506200
249624646  70803960  272.909000
249631677  70298662  56.968600
249649721  70863764  354.044000
249703125  422690299  299.694000
249731291  70178670  1127.470000
249801827  432247315  72.910500
249816490  432247186  162.306000
249822095  335955427  581.435000
249826231  335322931  147.866000
249827330  432260916  642.903000
249828900  118696099  295.939000
249865296  347940884  573.829000
249883770  386976414  295.263000
249889081  297373047  76.148600
249893012  432254760  321.296000
249901311  297305079  134.092000
249910734  346250894  155.317000
249921188  294771856  1002.050000
249924395  432261603  431.031000
250001426  294772579  nan
250045116  294647915  282.151000
250099723  294715445  142.704000
250106132  294720594  156.457000
251279430  55315929  109.860000
251281013  55360702  594.128000
251286992  55276688  831.761000
251288417  55278292  94.221700
251292508  55361028  268.067000
251292838  55316277  237.405000
251294036  55266835  414.845000
251304634  55267074  148.641000
251307609  55377064  1100.910000
251308775  55285974  723.966000
251314585  86117499  1319.970000
251315031  86071285  480.202000
251319382  86130229  176.051000
251327548  86039410  440.558000
251330444  86036265  355.433000
251345848  86119727  485.650000
251345849  86119726  2369.790000
251347050  414968850  1011.150000
251353301  86070316  1706.890000
251356484  414963560  1230.580000
251356953  86070236  764.784000
251380988  386908880  650.843000
251383916  203289678  2522.290000
251390801  138687671  539.859000
251393748  138660308  235.631000
251393916  138660558  1862.010000
251394139  126369442  355.016000
251399501  126323200  348.182000
251404897  284993262  1066.950000
251411166  126239578  1829.540000
251554286  115010361  268.515000
251578729  66714484  3147.980000
251584580  203216124  381.802000
251809286  -251809286  nan
251809628  -251809628  nan
