name,order,period,rade,tran_depth_ppm,tran_dur_hr,masse,masse_est,semi_au,st_mass,st_rad,st_teff,st_log_lum,Kmag,insol,t_eq,7.5dep,esm,disposition
55 Cnc e,0,0.73654,1.91000,380.00000,1.57920,8.08000,,0.01544,0.90000,0.96000,5250.00000,-0.19700,4.01500,2665.05029,1832.17323,105.38458,71.15974,Confirmed
HD 219134 b,1,3.09293,1.60200,358.00000,0.94500,4.74000,,0.03876,0.81000,0.78000,4699.00000,-0.57700,3.26100,176.20000,929.05550,32.61146,31.16216,Confirmed
LHS 3844 b,2,0.46293,1.30300,4681.64000,0.52120,,2.25008,0.00622,0.15000,0.19000,3036.00000,-2.56500,9.14500,70.10000,737.85272,428.41493,27.24719,Confirmed
TOI-1827.01,3,1.46713,1.33333,1599.52799,1.00733,,2.33971,0.01715,0.31279,0.33147,3297.00000,-1.93194,6.36200,39.75579,640.30998,88.69277,20.32102,Candidate
TOI-731.01,4,0.32194,0.74438,242.21137,0.63032,,0.33735,0.00707,0.45480,0.45775,3536.00000,-1.53000,5.78000,590.49835,1257.02771,58.07486,17.39584,Candidate
TOI-431.02,5,0.49006,1.28531,312.51855,1.09320,,2.19845,0.01129,0.80000,0.72663,4891.00000,-0.56509,6.72300,2134.62046,1733.28647,86.50463,16.78405,Candidate
GJ 1252 b,6,0.51823,1.19300,847.71000,0.73400,2.09000,,0.00916,0.38000,0.39000,3458.00000,-1.70800,7.91500,233.45816,996.76423,132.26796,14.82217,Confirmed
HD 219134 c,7,6.76458,1.51100,318.00000,1.66000,4.36000,,0.06530,0.81000,0.78000,4699.00000,-0.57700,3.26100,62.10000,715.83525,15.37157,14.68844,Confirmed
TOI-1634.01,8,0.98933,1.83038,1519.66956,1.03576,,4.00672,0.01503,0.46270,0.46526,3455.00000,-1.55613,8.60000,123.03227,849.26834,166.02435,13.57154,Candidate
K2-141 b,9,0.28032,1.54553,414.27294,0.94000,5.08000,,0.00765,0.76000,0.69600,4385.00000,-0.79221,8.40100,2757.39012,1847.84158,144.84044,12.97619,Confirmed
TOI-1724.01,10,0.68508,1.98064,2675.71767,1.05659,,4.58098,0.01091,0.36876,0.38002,3541.00000,-1.68919,10.27900,171.97011,923.42881,342.94580,12.93847,Candidate
TOI-1807.01,11,0.54934,1.52589,368.99434,1.00258,,2.94193,0.01182,0.73000,0.74103,4612.99000,-0.64971,7.56800,1603.54849,1613.65506,97.73532,12.85017,Candidate
GJ 9827 b,12,1.20898,1.57700,586.00000,1.26480,4.91000,,0.01880,0.61000,0.60000,4340.00000,-0.93600,7.19300,315.00000,1074.28081,80.02696,12.50529,Confirmed
TOI-1075.01,13,0.60476,1.80958,968.46057,1.06361,,3.92971,0.01162,0.57174,0.58034,3921.00000,-1.14436,9.11500,531.52709,1224.39495,193.71293,12.49154,Candidate
HD 213885 b,14,1.00804,1.74500,200.00000,1.53423,8.83000,,0.02012,1.07000,1.10000,5978.00000,0.13900,6.41900,3402.07628,1947.49429,52.24196,11.65941,Confirmed
LTT 3780 b,15,0.76845,1.33200,1087.00000,0.80500,2.62000,,0.01211,0.40000,0.37000,3331.00000,-1.81000,8.20400,106.00000,818.21351,113.97782,11.18092,Confirmed
TOI-1416.01,16,1.06961,1.77076,460.52079,1.47659,,3.78763,0.01908,0.81000,0.80187,4946.00000,-0.46008,7.70800,952.27829,1416.54753,89.97743,11.09151,Candidate
TOI-1685.01,17,0.66917,1.46864,998.33099,0.91260,,2.75697,0.01156,0.45971,0.46241,3457.00000,-1.56046,8.75800,206.04683,966.12131,145.76045,11.07891,Candidate
HD 3167 b,18,0.95962,1.65310,294.00000,1.65000,5.02000,,0.01885,0.97000,0.84600,5558.00000,-0.21089,7.06600,1732.17003,1645.08299,64.23376,10.64194,Confirmed
L 168-9 b,19,1.40150,1.39000,565.50000,1.26494,4.60000,,0.02091,0.62000,0.60000,3800.00000,-1.17200,7.08200,153.91889,898.17955,62.20199,10.22967,Confirmed
TOI-522.01,20,0.39755,1.98823,107.21519,1.71240,,4.61085,0.01258,1.68100,1.86219,7381.00000,0.96721,6.93100,58581.73008,3967.16925,57.64012,10.16207,Candidate
TOI-2290.01,21,0.38623,1.48588,600.86643,0.90943,,2.81215,0.00855,0.55969,0.56630,3863.00000,-1.19151,9.07200,879.42400,1388.64028,153.89996,10.12269,Candidate
TOI-1860.01,22,1.06621,1.42450,231.59722,1.30389,,2.61779,0.02049,1.01000,0.92985,5668.04000,-0.09475,6.79200,1914.44629,1686.75100,51.47800,9.67562,Candidate
TOI-2260.01,23,0.35244,1.59379,312.84695,0.85087,,3.16763,0.00959,0.94700,0.89842,5432.00000,-0.19851,8.68400,6885.44048,2322.86041,118.45327,9.31546,Candidate
HD 158259 b,24,2.17800,1.35800,110.00000,1.90400,2.22000,,0.03374,1.08000,1.21000,5801.89000,0.17500,4.96500,1314.52891,1535.43952,20.39330,8.89088,Confirmed
TOI-218.01,25,0.43837,1.34817,2168.83032,0.56071,,2.38412,0.00720,0.25908,0.28454,3249.00000,-2.09003,10.82600,156.80443,902.35984,295.44372,8.66427,Candidate
TOI-1442.01,26,0.40907,1.17267,1349.18727,0.60274,,1.72006,0.00711,0.28668,0.30880,3328.00000,-1.97722,10.08900,208.40571,968.87463,208.31950,8.57802,Candidate
TOI-1263.01,27,1.02133,1.42733,258.14136,1.06190,,2.62660,0.01887,0.86000,0.81823,5098.00000,-0.38996,7.10200,1143.63049,1482.89913,52.61522,8.57371,Candidate
TOI-1242.01,28,0.38148,1.68364,578.45524,0.86803,,3.47672,0.00899,0.66500,0.71161,4255.00000,-0.82522,9.77200,1852.36634,1672.90739,179.45118,8.55074,Candidate
TOI-561.02,29,0.44655,1.49244,289.99908,1.36677,,2.83325,0.01124,0.95000,0.84058,5440.00000,-0.25376,8.39400,4413.01731,2078.37585,93.29580,8.38532,Candidate
TOI-833.01,30,1.04224,1.46504,575.94855,1.23801,,2.74550,0.01688,0.59080,0.60334,3920.00000,-1.11104,8.14600,271.74928,1035.33830,82.83468,8.34583,Candidate
HR 858 c,31,5.97293,1.93900,184.00000,2.90160,,4.41869,0.06740,1.15000,1.31000,6201.00000,0.37100,5.14900,512.00000,1212.99126,20.77457,8.32126,Confirmed
TOI-836.02,32,3.81712,1.76309,667.74823,1.76324,,3.75982,0.04162,0.66000,0.69103,4250.00000,-0.85276,6.80400,81.03912,765.09235,43.43125,8.11820,Candidate
TOI-500.01,33,0.54821,1.51607,230.89679,1.07764,,2.90985,0.01164,0.70000,0.75182,4449.00000,-0.70002,7.71500,1472.68347,1579.67423,61.73619,7.58573,Candidate
TOI-1411.01,34,1.45204,1.34020,366.40575,1.51925,,2.36023,0.02174,0.65000,0.68962,4184.00000,-0.88172,7.25000,277.86245,1041.11247,49.11784,7.47647,Candidate
TOI-1835.01,35,5.64196,1.82458,543.83885,3.08715,,3.98518,0.06010,0.91000,0.78248,5297.00000,-0.36224,6.49200,120.21401,844.36254,34.45491,7.43547,Candidate
TOI-539.01,36,0.30954,1.69730,307.63266,1.15104,,3.52477,0.00831,0.80000,0.81312,4902.00000,-0.46350,9.22700,4976.73128,2141.78675,117.17343,7.17607,Candidate
GJ 1132 b,37,1.62893,1.13000,2432.58932,,1.66000,,0.01530,0.18000,0.21000,3270.00000,-2.35900,8.32200,18.69034,530.20579,75.17309,6.98425,Confirmed
EPIC 201264302.01,38,0.21220,1.18004,626.87076,,,1.75912,0.00526,0.43200,0.43200,3546.00000,-1.57538,10.35700,959.60741,1419.26528,186.14056,6.77483,Candidate
TOI-206.01,39,0.73632,1.41953,1457.85681,0.56414,,2.60230,0.01110,0.33614,0.35168,3383.00000,-1.83581,10.06000,118.54383,841.41435,160.15930,6.68358,Candidate
EPIC 212679181.01,40,1.05460,1.45573,658.00000,0.46080,,2.71597,0.01645,0.53400,0.53000,3656.00000,-1.34473,8.58800,167.07857,916.79106,79.63695,6.54594,Candidate
TOI-1468.02,41,1.88030,1.45235,1529.82214,1.05542,,2.70527,0.02114,0.35647,0.36931,3382.00000,-1.79384,8.49700,35.97247,624.50046,76.21357,6.53265,Candidate
TOI-784.01,42,2.79672,1.86288,416.27197,2.37596,,4.12822,0.03832,0.96000,0.89631,5464.00000,-0.19034,7.64000,439.27860,1167.41480,50.68788,6.44706,Candidate
TOI-895.01,43,0.76189,1.50454,190.00000,1.90400,,2.87238,0.01690,1.11000,1.10964,5998.00000,0.15708,7.95100,5025.06276,2146.96791,57.14840,6.29885,Candidate
TOI-1693.01,44,1.76688,1.47855,1005.84075,1.30175,,2.78863,0.02206,0.45850,0.46126,3474.00000,-1.55409,8.33100,57.39395,701.87004,67.41087,6.23716,Candidate
TOI-864.01,45,0.52066,1.00972,639.31299,0.58891,,1.00615,0.00925,0.38991,0.39861,3474.00000,-1.68089,9.21900,243.51333,1007.32790,101.38512,6.23206,Candidate
TOI-1449.02,46,2.36890,1.62458,696.77600,1.85190,,3.27221,0.02920,0.59165,0.60439,5780.00000,-0.43497,8.71000,430.91344,1161.81690,78.66317,6.11264,Candidate
TOI-696.01,47,0.86023,1.00353,641.26312,0.54654,,0.98419,0.01211,0.32056,0.33819,3563.00000,-1.77972,8.26400,113.14932,831.67408,64.05157,6.11205,Candidate
TOI-238.01,48,1.27242,1.63223,438.01904,1.40411,,3.29842,0.02168,0.84000,0.76603,5029.00000,-0.47089,8.59800,719.25170,1320.56689,74.08765,6.06182,Candidate
L 98-59 c,49,3.69040,1.35000,1797.37000,1.25219,2.42000,,0.03170,0.31000,0.31000,3412.00000,-1.94700,7.10100,12.40000,478.51505,36.39590,5.93348,Confirmed
TOI-540 b,50,1.23915,0.90300,2167.89000,0.47046,,0.67418,0.01223,0.16000,0.19000,3216.00000,-2.46100,8.90000,23.40000,560.84667,82.59961,5.88078,Confirmed
TOI-1640.01,51,1.94952,1.25716,2184.50459,0.67584,,2.11734,0.01877,0.23197,0.26019,3414.00000,-2.08168,8.76700,23.52854,561.61531,77.27652,5.84931,Candidate
LP 791-18 b,52,0.94800,1.12000,4555.55000,0.61200,,1.45884,0.00969,0.14000,0.17000,2960.00000,-2.69700,10.64400,21.50000,549.09792,180.99408,5.77194,Confirmed
TOI-488.01,53,1.19813,1.18695,1050.98938,1.05970,,1.79632,0.01540,0.33944,0.35453,3329.00000,-1.85675,8.82900,58.64143,705.65321,75.56866,5.55903,Candidate
TOI-637.01,54,2.85432,1.75182,352.59674,6.01172,,3.71914,,,0.90950,5637.00000,-0.12351,7.67600,481.31531,1194.39396,43.22995,5.40807,Candidate
HD 80653 b,55,0.71957,1.61697,149.00000,1.79760,5.60000,,0.01568,0.99300,1.22300,5891.00000,0.21030,8.01800,6602.38989,2298.61095,50.50888,5.39790,Confirmed
TOI-2079.01,56,1.49235,1.39520,791.46465,1.21122,,2.52703,0.01999,0.47851,0.48055,3577.00000,-1.46775,8.61000,85.23665,774.81278,66.11532,5.37972,Candidate
TOI-1776.01,57,2.80099,1.40339,204.85533,1.49854,,2.55226,0.03914,1.02000,0.94541,5723.87000,-0.06331,6.68700,564.07904,1242.72539,26.57863,5.24312,Candidate
LTT 1445 A b,58,5.35882,1.38000,2498.00000,1.37760,2.20000,,0.03807,0.26000,0.28000,3337.00000,-2.07000,6.49600,5.87265,396.96182,24.28776,5.23172,Confirmed
K2-131 b,59,0.36931,1.65467,400.00000,1.00080,6.30000,,0.00997,0.96900,0.73000,5105.00000,-0.48668,10.05100,3281.32215,1929.97818,124.24153,5.20624,Confirmed
TOI-1347.01,60,0.84744,1.88125,429.22741,0.89760,,4.19759,0.01720,0.94500,0.84639,5424.00000,-0.25289,9.61600,1888.60874,1681.03083,99.95792,5.11770,Candidate
TOI-494.01,61,1.70188,1.69133,447.04785,1.83795,,3.50374,0.02622,0.83000,0.79783,5006.52000,-0.44334,8.74100,524.20342,1220.15539,65.72927,5.03519,Candidate
GJ 357 b,62,3.93072,1.21700,1164.26000,1.53000,1.84000,,0.03500,0.34000,0.34000,3505.00000,-1.79800,6.47500,12.60000,480.43298,23.10670,5.02569,Confirmed
TOI-1798.02,63,0.43778,1.27984,265.08546,1.21077,,2.18260,0.01079,0.87400,0.78462,5165.24000,-0.40363,9.23700,3392.21700,1946.08178,82.21666,5.01207,Candidate
TOI-1436.01,64,0.86749,1.71784,479.15302,1.21754,,3.59746,0.01674,0.83200,0.74524,5011.22000,-0.50094,9.71900,1125.69751,1477.05139,99.03017,4.83532,Candidate
EPIC 228952747.01,65,1.05578,1.70034,557.61398,,,3.53547,0.01751,0.64300,0.66000,4200.00000,-0.91322,9.49000,398.10886,1139.04437,89.10032,4.83433,Candidate
TOI-910.01,66,2.02896,0.96164,1085.27905,0.69950,,0.84470,0.02008,0.26242,0.28750,3312.00000,-2.04768,7.68600,22.22085,553.64369,38.12542,4.74758,Candidate
TOI-1752.01,67,0.93518,1.73660,1071.16166,0.84223,,3.66443,0.01509,0.52409,0.52699,3652.00000,-1.35158,10.54500,195.47180,953.47917,141.56861,4.72524,Candidate
TOI-1730.02,68,2.15567,1.44068,697.33928,1.61503,,2.66847,0.02641,0.52900,0.53224,3691.00000,-1.32451,8.21200,67.90033,731.99506,48.34340,4.72492,Candidate
HD 15337 b,69,4.75615,1.64000,344.00000,2.49000,7.51000,,0.05220,0.90000,0.86000,5125.00000,-0.32600,7.04400,173.24432,925.13461,27.95328,4.67832,Confirmed
TOI-1238.02,70,0.76460,1.28039,413.16629,1.01851,,2.18418,0.01385,0.60667,0.62326,3853.00000,-1.11277,9.18400,401.92650,1141.76530,73.92376,4.61787,Candidate
K2-85 b,71,0.68453,1.38429,400.00000,0.78200,,2.49357,0.01385,0.75700,0.69900,4183.00000,-0.87040,9.46600,702.22191,1312.67971,83.85603,4.60036,Confirmed
TOI-1011.01,72,2.46992,1.34153,200.00000,2.15100,,2.36421,0.03503,0.94000,0.94134,5413.68000,-0.16385,7.10900,558.84038,1239.82996,27.59532,4.48222,Candidate
TOI-1444.01,73,0.47025,1.32971,198.23586,1.15255,,2.32894,0.01166,0.95600,0.92499,5466.00000,-0.16235,9.06100,5062.46249,2150.95158,66.69322,4.40899,Candidate
TOI-1782.02,74,1.82898,1.84774,740.91871,1.50239,,4.07142,0.02574,0.68000,0.66869,4336.00000,-0.84649,9.55200,214.95660,976.40024,83.02181,4.37774,Candidate
TOI-2194.01,75,15.33660,1.95703,826.90907,3.34993,,4.48869,0.10927,0.74000,0.69093,4669.00000,-0.68955,5.86900,17.11819,518.68614,15.08468,4.33704,Candidate
TOI-520.01,76,0.52280,1.89073,139.10452,2.01460,,4.23357,0.01504,1.66000,1.52949,7323.00000,0.78255,8.84500,26801.55734,3262.72288,58.95565,4.30509,Candidate
TOI-771.01,77,2.32593,1.60899,3392.43042,1.18197,,3.21909,0.02049,0.21210,0.24186,3306.00000,-2.20098,9.66400,14.99675,501.81015,85.22126,4.26781,Candidate
TOI-119.01,78,5.54109,1.97952,580.71457,2.72180,,4.57662,0.05828,0.86000,0.81966,5130.00000,-0.37757,8.03200,123.43327,849.95951,38.82790,4.12289,Candidate
K2-321 b,79,2.29800,1.99371,1100.00000,,,4.63243,0.02849,0.58400,0.59300,3660.00000,-1.24527,9.56700,70.05663,737.73856,78.68113,4.12029,Confirmed
TOI-1235 b,80,3.44473,1.73800,645.00000,1.84000,6.91000,,0.03845,0.64000,0.63000,3872.00000,-1.09700,7.89300,53.60000,689.97186,35.89191,4.06307,Confirmed
TOI-1695.01,81,3.13432,1.81917,1208.58478,1.23514,,3.96511,0.03357,0.51375,0.51611,3575.00000,-1.40672,8.81800,34.78421,619.27810,54.62875,4.03904,Candidate
TOI-1233.04,82,3.79530,1.60329,321.97485,2.31299,,3.19973,0.04793,1.02000,0.86417,5723.87000,-0.14134,7.63700,314.33283,1073.71152,31.46226,4.00726,Candidate
TOI-1435.01,83,0.68600,1.15986,200.19556,0.92805,,1.65365,0.01453,0.87000,0.82354,5142.00000,-0.36941,8.71400,2022.76241,1710.11926,51.07007,3.96117,Candidate
L 98-59 b,84,2.25310,0.80000,677.38000,1.02000,,0.43677,0.02282,0.31000,0.31000,3412.00000,-1.94700,7.10100,23.90000,563.81893,24.28731,3.95947,Confirmed
TOI-2013.01,85,2.61628,1.09729,1120.60142,1.13489,,1.35555,0.02504,0.30605,0.32564,3352.00000,-1.91863,7.86900,19.23357,534.01712,34.34534,3.93120,Candidate
K2-147 b,86,0.96192,1.44022,654.00000,1.02960,,2.66701,0.01581,0.57000,0.57400,3713.00000,-1.24858,9.99700,225.65646,988.33033,91.41983,3.92733,Confirmed
TOI-1450.01,87,2.04388,1.06948,504.69230,0.94713,,1.23641,0.02453,0.47137,0.47360,3407.00000,-1.56499,7.56500,45.25073,661.37319,29.42036,3.87352,Candidate
CoRoT-7 b,88,0.85359,1.68100,350.00000,1.05900,3.17830,,0.01702,0.82000,0.83000,5275.00000,-0.28900,9.80600,1775.35434,1655.24179,82.18053,3.85502,Confirmed
EPIC 206298289.01,89,0.43483,1.51855,762.00000,0.89520,,2.91792,0.00903,0.52000,0.52200,3706.00000,-1.33434,11.39500,567.57412,1244.64594,168.85167,3.81033,Candidate
TOI-2211.01,90,3.09117,1.66670,349.19390,1.97148,,3.41755,0.04010,0.90000,0.83439,5253.00000,-0.32094,8.08800,297.07256,1058.65832,36.70826,3.79858,Candidate
TOI-2009.01,91,,1.73438,630.72444,2.57289,,3.65649,,0.76000,0.70150,4755.33000,-0.64453,5.76300,19.33382,534.71157,12.49255,3.77145,Candidate
TOI-863.01,92,0.52510,1.14602,177.04961,1.45967,,1.58399,0.01274,1.00000,0.85030,5655.00000,-0.17643,8.92000,4105.60172,2041.19448,52.96955,3.73666,Candidate
K2-91 b,93,1.41955,1.43000,1565.00000,0.94500,,2.63496,0.01740,0.34900,0.36400,3585.00000,-1.70515,10.57100,65.09780,724.32215,109.55470,3.61317,Confirmed
K2-291 b,94,2.22518,1.58194,261.88660,1.71900,6.49000,,0.03099,0.80200,0.89600,5563.00000,-0.15945,8.35300,721.23116,1321.47454,39.32283,3.60165,Confirmed
Kepler-78 b,95,0.35501,1.11203,200.00000,0.81400,3.17830,,0.00895,0.75800,0.74400,5005.30000,-0.50300,9.58600,3923.74162,2018.20501,68.04065,3.53204,Confirmed
TOI-411.02,96,4.04005,1.54130,166.39079,3.22852,,2.99255,0.05231,1.17000,1.11672,6161.00000,0.20919,6.98100,591.58205,1257.60405,20.24875,3.48863,Candidate
EPIC 220674823 b,97,0.57133,1.80143,284.70000,1.53200,7.72000,,0.01248,0.79400,0.97000,5619.00000,-0.07313,10.34400,5427.58239,2188.72796,95.08359,3.48147,Confirmed
TOI-1748.01,98,1.83189,1.52891,405.08302,1.39765,,2.95180,0.02714,0.79500,0.76823,4875.00000,-0.52243,9.15600,407.62209,1145.78889,54.53331,3.45079,Candidate
Kepler-42 c,99,0.45329,0.74288,1560.00000,0.44450,,0.33492,0.00605,0.14400,0.17300,3427.80000,-2.42800,11.46500,101.87311,810.13067,153.79645,3.36050,Confirmed
K2-137 b,100,0.17972,0.93855,343.73611,0.62880,,0.77423,0.00481,0.45900,0.46400,3555.00000,-1.50891,10.88200,1340.39022,1542.93629,117.28554,3.35198,Confirmed
TOI-1757.01,101,2.12575,1.71576,596.66851,1.49919,,3.59008,0.02863,0.69300,0.70716,4428.00000,-0.76144,9.60200,211.27667,972.19429,64.54560,3.32601,Candidate
GJ 9827 c,102,3.64810,1.24100,361.00000,1.82496,0.84000,,0.03925,0.61000,0.60000,4340.00000,-0.93600,7.19300,72.00000,742.80241,21.20534,3.31362,Confirmed
WASP-47 e,103,0.78959,1.77666,258.00000,1.89900,6.83000,,0.01602,0.88000,1.11900,5645.00000,0.05901,10.19200,4462.88173,2084.22224,79.77756,3.13284,Confirmed
K2-216 b,104,2.17480,1.71111,620.00000,1.84000,8.00000,,0.03043,0.79500,0.70400,4414.00000,-0.77083,9.72100,183.01849,937.91595,62.27079,3.03768,Confirmed
TOI-723.01,105,1.41807,1.19950,240.28535,1.39554,,1.86533,0.02293,0.80000,0.75634,4907.96000,-0.52427,8.65500,568.68167,1245.25269,37.58990,2.99591,Candidate
Kepler-10 b,106,0.83749,1.48938,191.90000,1.81100,4.60853,,0.01697,0.93000,1.06600,5730.10000,0.04500,9.49600,3850.35685,2008.70160,55.19014,2.98620,Confirmed
K2-229 b,107,0.58426,1.10248,174.94681,1.50000,2.49000,,0.01349,0.95900,0.76400,5214.00000,-0.41043,9.05000,2136.36375,1733.64025,44.85669,2.98047,Confirmed
EPIC 211357309.01,108,0.46395,0.96774,326.00000,0.98880,,0.86408,0.00927,0.49400,0.49300,3620.00000,-1.42478,9.88500,437.42300,1166.17999,65.81699,2.97711,Candidate
TOI-2266.01,109,2.32621,1.69818,4164.16587,1.00459,,3.52787,0.02114,0.23304,0.26116,3244.00000,-2.16716,11.01700,15.22243,503.68746,108.70146,2.91939,Candidate
EPIC 211638401.01,110,0.53027,1.41000,525.08609,,,2.57270,0.01056,0.55800,0.56400,3631.00000,-1.30264,10.97900,447.09753,1172.57532,106.71490,2.91664,Candidate
HD 21749 c,111,7.78993,0.89200,213.24000,2.51500,,0.64520,0.06950,0.73000,0.70000,4640.00000,-0.68600,5.37500,42.66094,651.70009,8.07122,2.91337,Confirmed
K2-36 b,112,1.42261,1.44192,365.00000,1.23768,3.90000,,0.02338,0.84200,0.72600,4702.00000,-0.63430,9.45400,424.78612,1157.66461,52.37805,2.88939,Confirmed
TOI-1799.01,113,7.09385,1.62771,284.23811,2.51076,,3.28293,0.07249,1.01000,0.95694,5690.00000,-0.06309,7.38100,164.55851,913.31431,19.82096,2.84042,Candidate
TOI-1746.01,114,2.52531,1.59189,1313.04562,0.94582,,3.16121,0.02681,0.40324,0.41047,3340.00000,-1.72377,9.50100,26.27626,577.33922,52.23729,2.81993,Candidate
TOI-801.01,115,0.77570,0.94816,43.12785,1.26833,,0.80304,0.01770,1.23000,1.35609,6283.39000,0.41205,6.74300,8241.04375,2429.60535,14.66637,2.81955,Candidate
TOI-133.01,116,8.19520,1.98277,946.43579,2.30956,,4.58935,0.06961,0.67000,0.65053,4281.00000,-0.89259,8.12200,26.42909,578.17688,27.55822,2.80743,Candidate
TOI-1467.01,117,5.97338,1.82700,1373.41125,1.60570,,3.99415,0.05075,0.48883,0.49074,3834.00000,-1.32900,8.56800,18.19982,526.69229,33.75723,2.80043,Candidate
K2-265 b,118,2.36917,1.61403,319.40000,2.26600,6.54000,,0.03249,0.81500,0.92500,5390.00000,-0.18667,9.25900,616.44682,1270.61531,46.35706,2.79752,Confirmed
TOI-253.01,119,3.51582,1.11151,309.19544,2.00129,,1.41958,0.03879,0.63000,0.63937,4037.00000,-1.00956,7.33800,65.00857,724.07381,18.59026,2.71733,Candidate
K2-199 b,120,3.22534,1.87275,726.00000,2.06640,,4.16543,0.03951,0.79100,0.68100,4463.00000,-0.78050,9.62500,106.18777,818.57562,52.55003,2.67935,Confirmed
K2-233 b,121,2.46746,1.37533,299.84817,1.96900,,2.46622,0.03487,0.92900,0.72800,4755.00000,-0.61244,8.37500,200.76092,959.86460,28.91988,2.62213,Confirmed
TRAPPIST-1 b,122,1.51087,1.08600,7266.00000,0.60670,0.85000,,0.01111,0.08000,0.12000,2559.00000,-3.28100,10.29600,4.25000,366.13177,69.84713,2.61460,Confirmed
EPIC 211428897.01,123,1.61089,1.11520,696.00000,,,1.43655,0.01990,0.40500,0.40800,3780.00000,-1.51402,9.62400,77.33712,756.20088,50.92206,2.59755,Candidate
Kepler-21 b,124,2.78578,1.72268,62.17000,3.59040,5.08000,,0.04094,1.18000,1.99700,5842.00000,0.62200,6.94500,2498.11668,1802.78261,14.81644,2.59538,Confirmed
EPIC 201595106.01,125,0.87703,1.20000,250.00000,1.00080,,1.86811,0.01693,0.84200,0.96200,5711.00000,-0.05211,10.21800,3093.58570,1901.76004,66.45313,2.57853,Candidate
TOI-2023.01,126,11.19005,1.66082,567.79899,2.97415,,3.39709,0.09164,0.82000,0.69599,4958.00000,-0.57887,7.10500,31.40077,603.63615,15.80083,2.57121,Candidate
TOI-1819.01,127,3.09374,1.72384,150.00000,2.45100,,3.61883,0.04628,1.38200,1.47151,6610.00000,0.57103,8.31100,1738.50489,1646.58502,26.81071,2.50360,Candidate
TOI-1747.01,128,2.75479,1.32424,365.97954,0.94191,,2.31270,0.03398,0.69000,0.69793,4435.00000,-0.77010,8.71800,147.00789,887.92308,32.31843,2.50212,Candidate
LHS 1140 c,129,3.77793,1.28200,3131.03527,,1.81000,,0.02675,0.18000,0.21000,3216.00000,-2.35600,8.82100,6.16000,401.73101,33.69904,2.48814,Confirmed
TOI-270 b,130,3.36008,1.24700,901.00000,1.38700,,2.08837,0.03060,0.40000,0.38000,3386.00000,-1.77000,8.25100,18.13665,526.23468,25.91827,2.48807,Confirmed
TOI-2104.01,131,3.27234,1.37026,366.14368,1.69322,,2.45082,0.04004,0.80000,0.72376,4907.00000,-0.56286,8.65200,170.63572,921.63226,31.08700,2.48105,Candidate
TOI-1208.01,132,3.42362,1.78972,451.30820,2.45756,,3.85676,0.04416,0.98000,0.82302,5547.00000,-0.23825,9.44900,296.30933,1057.97770,44.41177,2.45559,Candidate
TOI-702.01,133,3.56809,1.94361,1011.97015,1.40995,,4.43653,0.03897,0.62000,0.57773,3980.00000,-1.12231,9.79200,49.69425,677.04372,51.61400,2.43683,Candidate
TOI-776.02,134,8.24339,1.74816,1063.23657,2.42373,,3.70594,0.06462,0.52973,0.53302,3747.00000,-1.29708,7.61500,12.08394,475.43625,18.61919,2.39562,Candidate
TOI-1846.01,135,3.93070,1.75175,1697.75457,1.43994,,3.71886,0.03604,0.40435,0.41145,3512.00000,-1.63445,9.59600,17.86010,524.21706,45.95368,2.37453,Candidate
TOI-286.01,136,4.51159,1.30745,268.95410,1.87381,,2.26314,0.05081,0.86000,0.79360,5116.00000,-0.41038,7.85100,150.53635,893.20373,20.23785,2.33572,Candidate
EPIC 201606542.01,137,0.44437,1.64402,185.96981,,,3.33898,0.01484,2.20600,1.10500,5359.00000,-0.04225,10.19100,4122.41040,2043.28048,59.38639,2.33316,Candidate
TOI-797.01,138,1.80081,1.21397,617.89899,1.17147,,1.94727,0.02255,0.47147,0.47370,3607.00000,-1.46571,9.55700,67.32208,730.43161,43.87596,2.30826,Candidate
TOI-1942.01,139,1.65635,1.28128,160.00000,1.94700,,2.18676,0.02793,1.06000,1.01552,5878.00000,0.04499,8.77700,1421.38396,1565.73418,30.17922,2.27387,Candidate
TOI-266.02,140,6.19132,1.73923,345.24026,3.41640,,3.67387,0.06679,1.03700,0.91892,5784.00000,-0.06984,8.44900,190.86516,947.81122,25.63570,2.24648,Candidate
EPIC 201650711.01,141,0.25967,0.78004,104.62459,,,0.39896,0.00698,0.67200,0.69900,3917.00000,-0.98454,9.30900,2128.72628,1732.08873,38.06230,2.24467,Candidate
EPIC 203139512.01,142,2.03266,1.52533,1062.10007,,,2.94009,0.02224,0.35500,0.42900,4113.00000,-1.32376,10.99200,95.96970,798.13014,79.98410,2.17301,Candidate
TOI-512.01,143,7.18712,1.63046,299.91681,2.86258,,3.29234,0.07089,0.92000,0.88267,5336.00000,-0.24484,7.79700,113.24642,831.85245,18.17912,2.15095,Candidate
TOI-2278.01,144,1.46635,1.12694,912.36078,0.98225,,1.49151,0.01696,0.30271,0.32274,3412.00000,-1.89557,10.09500,44.21393,657.55179,52.21447,2.14412,Candidate
TOI-119.02,145,10.69163,1.86798,519.24103,3.17747,,4.14744,0.09032,0.86000,0.81966,5130.00000,-0.37757,8.03200,51.38470,682.72945,19.84704,2.10743,Candidate
EPIC 211533633.01,146,2.12695,1.75667,747.30628,,,3.73661,0.02704,0.58300,0.58900,3600.00000,-1.27987,10.29000,71.80289,742.29350,55.48524,2.08274,Candidate
TOI-2262.01,147,1.49377,1.95642,176.58957,2.20463,,4.48628,0.02755,1.25000,1.27881,6328.00000,0.37338,9.67200,3113.06764,1904.74709,41.73851,2.08254,Candidate
K2-201 b,148,1.05979,1.36818,251.40000,1.74960,,2.44450,0.01963,0.89800,0.86000,5380.00000,-0.25318,10.19800,1449.23951,1573.34955,53.06687,2.07817,Confirmed
L 98-59 d,149,7.45120,1.57000,1667.80000,0.84583,2.31000,,0.05060,0.31000,0.31000,3412.00000,-1.94700,7.10100,4.85000,378.42134,12.66929,2.06543,Confirmed
K2-122 b,150,2.21928,1.23823,432.00000,1.23600,,2.06350,0.02813,0.60300,0.61400,3740.00000,-1.17748,9.27500,83.97557,771.93089,33.76039,2.02239,Confirmed
TOI-2077.01,151,6.11558,1.65604,384.74653,2.11637,,3.38053,0.06342,0.91000,0.84591,5284.00000,-0.29881,8.63100,124.94277,852.54627,25.00937,2.01539,Candidate
TOI-787.01,152,2.12644,1.56407,134.80736,2.42964,,3.06797,0.03654,1.44000,1.31556,6742.00000,0.50807,8.79400,2412.26228,1787.08954,26.83549,2.00617,Candidate
EPIC 201717159.01,153,0.60408,1.93955,963.00000,0.97000,,4.42083,0.01152,0.55900,0.57500,3627.00000,-1.28778,12.96700,388.40096,1132.03604,183.05373,2.00279,Candidate
TOI-1440.02,154,4.62729,1.72683,285.44548,3.83689,,3.62951,,,1.00000,6550.00000,0.21966,8.63000,338.26266,1093.58790,24.73472,1.99418,Candidate
Kepler-732 c,155,0.89304,1.44946,741.70000,1.10420,,2.69612,0.01455,0.51500,0.52500,3699.20000,-1.33300,11.72100,219.49753,981.51647,102.64816,1.99346,Confirmed
TOI-2097.01,156,1.78902,1.67418,391.62517,1.91906,,3.44362,0.02786,0.90100,0.79152,5264.00000,-0.36311,10.40800,558.52841,1239.65689,55.85455,1.98571,Candidate
K2-156 b,157,0.81314,1.21098,290.00000,1.30080,,1.93013,0.01550,0.75100,0.69500,4240.00000,-0.85187,10.39100,585.61306,1254.41971,55.01658,1.97129,Confirmed
TOI-1706.01,158,4.51542,1.88705,371.21153,2.83308,,4.21958,0.05336,0.99400,0.96580,5617.00000,-0.07751,9.46800,293.82998,1055.75758,35.83830,1.96429,Candidate
TOI-260.01,159,13.47002,1.60309,686.53595,1.99840,,3.19907,0.09498,0.63000,0.61817,4049.00000,-1.03369,6.54900,10.25773,456.35521,9.31402,1.95792,Candidate
TOI-1621.01,160,6.45054,1.85938,360.00000,3.53800,,4.11506,0.07988,1.63400,1.01722,7257.00000,0.41255,9.11400,405.24584,1144.11537,30.32628,1.95648,Candidate
K2-35 b,161,2.39996,1.52226,938.00000,1.79760,,2.93004,0.03263,0.80500,0.71500,4334.00000,-0.78914,11.42300,152.58842,896.23227,87.04857,1.93918,Confirmed
EPIC 201239401.01,162,0.90565,1.48879,678.00000,1.48800,,2.82152,0.01499,0.54800,0.55000,3780.00000,-1.25461,11.73500,247.57838,1011.50576,97.28476,1.87716,Candidate
Kepler-93 b,163,4.72674,1.50336,220.00000,2.88980,3.17830,,0.05322,0.90000,0.93900,5589.40000,-0.10900,8.37000,274.71720,1038.15367,20.63833,1.87556,Confirmed
Kepler-808 b,164,0.63133,1.46617,434.50000,1.10760,,2.74911,0.01287,0.71400,0.71300,4571.90000,-0.69900,11.87900,1206.85088,1502.98132,103.38925,1.86695,Confirmed
TOI-1763.01,165,3.79787,1.97496,1698.99592,1.02529,,4.55871,0.03706,0.47061,0.47287,3520.00000,-1.50965,10.53800,22.52410,555.52301,55.73458,1.86630,Candidate
TOI-741.01,166,7.57626,0.91546,299.05356,1.86957,,0.70811,0.06080,0.52247,0.52528,3745.00000,-1.31072,5.58700,13.22587,486.29104,5.70043,1.86623,Candidate
TOI-174.04,167,3.97599,0.93251,174.45126,1.56098,,0.75653,0.04521,0.78000,0.69137,4813.00000,-0.63622,7.20700,113.04638,831.48486,11.95652,1.85636,Candidate
TOI-713.02,168,1.87150,1.00567,239.53964,1.03858,,0.99175,0.02601,0.67000,0.65107,4316.70000,-0.87744,8.88300,196.06065,954.19644,25.68040,1.84272,Candidate
TOI-214.01,169,18.55313,1.71164,448.56335,3.81862,,3.57547,0.13340,0.92000,0.79827,5346.17000,-0.32884,6.86200,26.35584,577.77585,9.95046,1.81092,Candidate
Kepler-994 b,170,1.15117,1.74222,605.90000,1.18810,,3.68459,0.01794,0.58100,0.58800,4031.90000,-1.08500,11.45300,255.56117,1019.56260,81.46349,1.78987,Confirmed
TOI-2069.01,171,5.92126,1.06804,146.03266,2.64475,,1.23046,0.06184,0.90000,0.82313,5268.00000,-0.32779,6.78600,122.92110,849.07644,9.43587,1.77844,Candidate
TOI-2103.01,172,2.66226,1.21046,230.05188,1.89899,,1.92716,0.03490,0.80000,0.79972,4884.00000,-0.48433,8.92400,269.19771,1032.89939,25.09187,1.76681,Candidate
LHS 1815 b,173,3.81433,1.08800,475.81000,1.46515,,1.31488,0.04040,0.50000,0.50000,3643.00000,-1.38700,7.99300,25.13259,570.95187,16.31871,1.76418,Confirmed
EPIC 201111557.01,174,2.30183,1.12000,287.31828,,,1.45884,0.03288,0.89500,0.72300,4617.00000,-0.66959,9.22000,197.95256,956.49006,28.50517,1.75138,Candidate
EPIC 218668602.01,175,1.86603,1.59886,383.00000,1.96320,,3.18475,0.03025,1.06100,0.80400,5129.00000,-0.39466,10.45600,440.31919,1168.10554,50.34754,1.75080,Candidate
K2-83 b,176,2.74697,1.66459,920.00000,1.66400,,3.41020,0.03164,0.56000,0.56200,3870.00000,-1.19499,10.76500,63.75930,720.56983,57.59881,1.73728,Confirmed
TOI-2283.01,177,0.40186,0.55251,111.36480,1.57797,,0.11590,0.00856,0.51774,0.52028,3621.00000,-1.37751,9.00500,572.50466,1247.34025,25.52630,1.73159,Candidate
TOI-1347.02,178,4.84166,1.77729,427.90166,2.34755,,3.81140,0.05496,0.94500,0.84639,5424.00000,-0.25289,9.61600,184.90995,940.32991,33.68847,1.72480,Candidate
TOI-1080.01,179,3.96535,1.43261,4770.26123,0.98745,,2.64314,0.02711,0.16899,0.19999,3227.00000,-2.40810,10.17000,5.31806,387.23837,43.35965,1.72006,Candidate
K2-89 b,180,1.09603,1.02628,346.00000,0.89500,,1.06655,0.01690,0.53600,0.53400,3761.00000,-1.28901,10.10600,179.99059,934.01238,42.08950,1.71961,Confirmed
TOI-802.01,181,3.69384,0.74280,86.92166,1.77408,,0.33479,0.04498,0.89000,0.74982,5235.78000,-0.41947,6.27500,188.11943,944.38394,7.20497,1.71826,Candidate
EPIC 206042996.01,182,0.35491,1.69421,543.67178,,,3.51386,0.00838,0.62300,0.66600,3961.00000,-1.00714,13.07100,1401.23267,1560.15499,164.58320,1.71650,Candidate
K2-211 b,183,0.66956,1.32637,278.00000,1.32480,,2.31903,0.01524,1.05300,0.79100,5188.00000,-0.38895,11.10400,1758.63060,1651.32987,66.33001,1.71146,Confirmed
EPIC 212081533.01,184,3.35585,1.62618,710.99261,,,3.27769,0.03614,0.55900,0.55900,3680.00000,-1.28709,9.66200,39.53920,639.43609,34.03692,1.70611,Candidate
Kepler-1313 b,185,3.83309,1.67096,461.40000,1.37200,,3.43240,0.04560,0.86100,0.80700,5236.10000,-0.35300,10.08800,213.33503,974.55359,40.94400,1.68674,Confirmed
TOI-486.01,186,1.74474,0.62693,158.20033,1.33667,,0.18230,0.02126,0.42124,0.42668,3470.00000,-1.62379,7.03000,52.60337,686.74193,10.00437,1.68518,Candidate
TOI-2104.02,187,5.90444,1.54481,397.67729,2.80423,,3.00412,0.05935,0.80000,0.72376,4907.00000,-0.56286,8.65200,77.67992,757.03745,21.11221,1.68497,Candidate
TOI-2250.01,188,0.81530,1.09766,100.78222,1.60978,,1.35722,0.01721,1.02300,0.96947,5729.00000,-0.03992,9.16300,3079.89634,1899.65268,26.64496,1.68063,Candidate
EPIC 203099398.01,189,1.83916,0.81246,140.16882,,,0.46164,0.02501,0.61700,0.62900,3762.00000,-1.14633,7.63700,114.14354,833.49504,13.12468,1.67165,Candidate
K2-223 b,190,0.50565,0.87112,100.00000,0.90000,,0.59269,0.01155,0.80400,0.96900,5895.00000,0.00928,9.83500,7657.79549,2385.42695,35.70018,1.65245,Confirmed
TOI-714.01,191,4.32324,1.66035,941.49554,1.77331,,3.39546,0.04041,0.47089,0.47314,3731.00000,-1.40802,9.46800,23.93756,564.04034,30.11140,1.65040,Candidate
TOI-2269.02,192,2.84115,1.43846,604.14625,1.60349,,2.66147,0.03205,0.54389,0.54848,3872.00000,-1.21524,9.92800,59.32377,707.69701,36.01991,1.59735,Candidate
TOI-1743.01,193,4.26606,1.82289,2358.31564,0.93648,,3.97890,0.03445,0.29966,0.32009,3281.00000,-1.97074,9.99900,9.01440,441.84957,36.89632,1.58358,Candidate
Kepler-42 b,194,1.21377,0.79376,1821.00000,0.55320,,0.42469,0.01167,0.14400,0.17300,3427.80000,-2.42800,11.46500,27.39729,583.40089,72.37489,1.58141,Confirmed
TOI-1219.01,195,1.91452,1.77893,119.58612,4.88898,,3.81738,0.03529,1.60000,1.58753,7160.00000,0.77579,9.48500,4791.03141,2121.52149,28.81532,1.56704,Candidate
K2-229 c,196,8.32727,1.96319,554.73861,2.50080,,4.51269,0.07929,0.95900,0.76400,5214.00000,-0.41043,9.05000,61.82250,715.03420,23.58273,1.56694,Confirmed
K2-58 c,197,2.53726,1.52205,375.00000,1.99600,,2.92935,0.03685,1.03700,0.80800,5052.00000,-0.41663,10.21500,282.15972,1045.11464,40.23181,1.56324,Confirmed
TOI-201.02,198,5.84917,1.58753,117.91766,3.54356,,3.14653,0.06952,1.31000,1.33031,6461.80000,0.44402,7.84600,575.22743,1248.82067,13.40296,1.55045,Candidate
TOI-2267.01,199,3.49496,1.20589,2427.07017,0.88017,,1.90116,0.02692,0.21305,0.24274,3022.00000,-2.35383,9.45900,6.11025,400.91746,28.13977,1.54874,Candidate
EPIC 210965800.06,200,1.82876,1.34040,235.00000,2.35200,,2.36084,0.02635,0.73000,0.86300,5924.00000,-0.08282,10.29200,1190.00637,1497.70922,40.77299,1.52908,Candidate
K2-187 b,201,0.77392,1.27174,237.00000,1.57920,,2.15920,0.01592,0.89900,0.90000,5404.00000,-0.20596,11.19600,2455.10228,1794.97159,61.50637,1.52117,Confirmed
TOI-807.01,202,5.27033,1.59953,549.50171,1.94747,,3.18701,0.05361,0.74000,0.69307,4662.00000,-0.68946,9.60200,71.13245,740.55466,29.32948,1.51134,Candidate
TOI-2096.01,203,3.11903,1.47199,3200.93189,1.27157,,2.76765,0.02514,0.21798,0.24733,3285.00000,-2.19261,11.02100,10.15210,455.17573,56.25909,1.50817,Candidate
TOI-804.01,204,1.41847,1.62080,139.81833,5.27280,,3.25929,,,1.22160,5988.00000,0.23768,9.87300,2634.93188,1826.97468,33.05096,1.50328,Candidate
EPIC 201238163.01,205,1.08296,1.79121,655.00000,1.22000,,3.86223,0.01755,0.61500,0.64300,3932.00000,-1.05043,12.28200,289.04587,1051.43365,96.86845,1.45291,Candidate
EPIC 213919915.01,206,1.48915,0.96662,52.65447,,,0.86052,0.02539,0.98500,1.22100,5892.00000,0.20918,7.83000,2510.51705,1805.01566,12.44795,1.45062,Candidate
Kepler-1019 b,207,1.41123,1.42296,395.70000,1.39120,,2.61296,0.02136,0.65300,0.65300,4392.70000,-0.84300,11.00300,314.57486,1073.91816,53.20235,1.43810,Confirmed
K2-257 b,208,1.60588,0.82834,340.00000,1.30080,,0.49481,0.02136,0.50400,0.49900,3711.00000,-1.37114,9.66100,93.27215,792.46152,28.65569,1.43704,Confirmed
TOI-2287.01,209,11.81175,1.94904,186.49769,3.47729,,4.45761,0.10541,1.12000,1.20105,6037.00000,0.23710,7.72600,155.35707,900.27033,11.74621,1.43600,Candidate
EPIC 201785059.01,210,1.39534,1.15900,665.00000,1.23120,,1.64926,0.01833,0.42200,0.42700,3360.00000,-1.67909,10.85400,62.31479,716.45342,49.20154,1.42441,Candidate
EPIC 206312951.01,211,1.53402,1.13000,671.39558,,,1.50607,0.02093,0.52000,0.52100,3712.00000,-1.33320,11.32800,105.96316,818.14240,61.15693,1.42332,Candidate
EPIC 214234110.01,212,4.63789,1.91800,336.05510,,,4.33775,0.05133,0.83900,0.95900,5561.00000,-0.10106,10.02100,300.70357,1061.87849,33.21997,1.41142,Candidate
EPIC 219266595.01,213,0.94428,1.72376,271.00000,4.03200,,3.61857,0.01874,0.98400,0.79200,4862.00000,-0.50060,11.02500,899.63823,1396.55215,52.73141,1.41100,Candidate
K2-316 b,214,1.13300,1.23550,957.00000,,,2.05578,0.01482,0.33800,0.35300,3582.00000,-1.73325,11.91100,84.19600,772.43696,79.18442,1.40895,Confirmed
EPIC 205146011.01,215,1.05717,1.41487,204.00000,1.47120,,2.58780,0.02004,0.96100,0.93700,5341.00000,-0.19134,10.70400,1602.45029,1613.37871,45.26874,1.40429,Candidate
TOI-2050.01,216,13.59750,1.94544,480.00000,2.75000,,4.44364,0.11513,1.10100,0.88336,5985.00000,-0.04478,8.80200,68.05854,732.42110,18.47563,1.37612,Candidate
EPIC 212432685.01,217,0.53168,0.94612,229.04999,,,0.79685,0.00781,0.22500,0.57300,6040.00000,-0.40485,11.84500,6450.92528,2285.31296,74.78720,1.37178,Candidate
TOI-1453.02,218,4.31349,1.21025,259.44479,1.97986,,1.92596,0.04834,0.81000,0.70962,4920.00000,-0.57539,8.68600,113.75644,832.78746,17.37983,1.36553,Candidate
K2-3 b,219,10.05463,1.94111,1416.00000,2.56300,6.48000,,0.07470,0.55000,0.54900,3500.00000,-1.38989,8.56100,7.30318,419.19704,16.38415,1.36358,Confirmed
K2-151 b,220,3.83548,1.50656,983.00000,1.54080,,2.87891,0.03699,0.45900,0.45500,3684.00000,-1.46400,10.11700,25.10874,570.81638,33.20717,1.34986,Confirmed
Kepler-617 b,221,1.68270,1.49050,703.80000,1.38000,,2.82701,0.02248,0.53500,0.54200,3826.80000,-1.24400,11.57300,112.86337,831.14814,64.04884,1.33158,Confirmed
K2-165 b,222,2.35499,1.28515,213.06366,,,2.19799,0.03430,0.97100,0.80700,5180.00000,-0.37424,9.53600,358.99804,1109.97501,25.05074,1.33069,Confirmed
K2-221 b,223,2.39909,1.74616,312.00000,2.50320,,3.69874,0.03558,1.04400,0.98800,5704.00000,-0.03107,10.85200,735.40536,1327.91990,45.88391,1.32959,Confirmed
K2-138 b,224,2.35322,1.53531,279.99669,1.73000,,2.97283,0.03356,0.91100,0.84100,5303.00000,-0.29763,10.30500,447.30854,1172.71364,35.63728,1.32850,Confirmed
Kepler-845 b,225,0.92786,1.86864,515.30000,1.43980,,4.14992,0.01662,0.71200,0.68700,4814.60000,-0.63900,12.51500,830.80670,1369.03698,97.97286,1.31997,Confirmed
EPIC 206192335.01,226,3.59922,1.58372,360.00000,1.89600,,3.13369,0.04256,0.79400,0.78700,5433.00000,-0.31320,10.25000,268.39512,1032.12865,34.50809,1.31941,Candidate
EPIC 212072539.02,227,2.78711,1.89412,1470.00000,1.72800,,4.24644,0.03041,0.48300,0.48300,3647.00000,-1.42967,11.85500,40.20607,642.11538,72.06395,1.31576,Candidate
Kepler-658 b,228,1.28708,1.78757,729.40000,1.50860,,3.84888,0.02004,0.64800,0.65800,4199.40000,-0.91500,12.62700,302.88229,1063.79673,101.72366,1.30161,Confirmed
EPIC 211428897.02,229,2.17801,0.91120,453.00000,,,0.69638,0.02433,0.40500,0.40800,3780.00000,-1.51402,9.62400,51.72841,683.86830,25.36167,1.29370,Candidate
Kepler-98 b,230,1.54168,1.65654,296.50000,1.98740,3.55000,,0.02566,0.94800,0.92400,5419.80000,-0.17700,11.25300,1010.64493,1437.77137,53.27856,1.28354,Confirmed
K2-157 b,231,0.36526,1.07298,120.75082,,,1.25098,0.00924,0.79000,0.89500,5458.00000,-0.19353,10.98000,7494.14377,2372.57902,46.84657,1.27978,Confirmed
TOI-797.02,232,4.14014,1.34544,774.27966,1.01327,,2.37591,0.03927,0.47147,0.47370,3607.00000,-1.46571,9.55700,22.18680,553.43145,24.30709,1.27876,Candidate
K2-165 c,233,4.38274,1.56760,317.00970,,,3.07974,0.05190,0.97100,0.80700,5180.00000,-0.37424,9.53600,156.82539,902.39001,24.05291,1.27769,Confirmed
K2-61 b,234,2.57302,1.79618,364.00000,2.33000,,3.88041,0.03380,0.77800,0.98500,5743.00000,-0.02188,11.38500,832.41749,1369.70008,56.11792,1.27221,Confirmed
Kepler-446 b,235,1.56541,1.35000,2754.60000,0.64560,,2.38960,0.01503,0.18500,0.21600,3503.30000,-2.19900,12.82700,27.97982,586.47756,108.19064,1.26255,Confirmed
EPIC 201619647.02,236,1.65336,1.62531,633.25556,1.60800,,3.27470,0.02295,0.59000,0.59200,3744.00000,-1.20732,11.58700,117.78398,840.06277,60.78416,1.25559,Candidate
EPIC 211552050.01,237,3.54497,1.94886,618.95863,,,4.45689,0.04194,0.78300,0.71800,4587.00000,-0.68694,10.97900,116.91360,838.50651,45.89227,1.25429,Candidate
EPIC 201923289.01,238,0.78202,1.49428,267.00000,1.41600,,2.83918,0.01580,0.86000,0.88900,5385.00000,-0.22276,11.87000,2399.27419,1784.67916,68.95917,1.25040,Candidate
EPIC 220554210 c,239,0.70531,1.36131,262.00000,1.70400,,2.42368,0.01525,0.95100,0.92900,5484.00000,-0.15288,12.00200,3024.25735,1891.01453,72.43016,1.23588,Confirmed
Kepler-1228 b,240,0.57737,1.45468,400.40000,1.09630,,2.71262,0.01196,0.68400,0.69900,5100.40000,-0.52500,12.79900,2088.43300,1723.83350,104.46234,1.23486,Confirmed
K2-65 b,241,12.64750,1.58000,391.00000,3.43000,,3.12122,0.10140,0.87000,0.84000,5213.00000,-0.32800,8.34400,45.00000,660.45512,13.35781,1.22855,Confirmed
Kepler-80 f,242,0.98679,1.24737,450.00000,1.18790,,2.08941,0.01732,0.71200,0.70100,4453.20000,-0.75700,12.25300,583.23702,1253.14536,80.19285,1.21897,Confirmed
Kepler-908 b,243,1.34060,1.44875,109.80000,1.60850,,2.69389,0.02431,1.06700,1.33000,5670.00000,0.21800,9.99300,2794.40278,1854.01153,28.30802,1.21834,Confirmed
TOI-244.01,244,7.39559,1.38395,1012.47852,1.14940,,2.49253,0.05471,0.39948,0.40710,3407.00000,-1.69641,7.97000,6.72096,410.58015,11.10443,1.21326,Candidate
K2-189 b,245,2.58831,1.51476,300.00000,2.22000,,2.90557,0.03682,0.99400,0.86700,5482.00000,-0.21351,10.58900,451.16949,1175.23607,36.85790,1.20556,Confirmed
KOI-2480.01,246,0.66683,1.65137,511.60000,0.78470,,3.36435,0.01276,0.62300,0.61400,4351.30000,-0.91400,12.87500,748.95193,1333.99336,105.12903,1.20000,Candidate
Kepler-205 b,247,2.75564,1.64178,546.40000,1.94800,,3.33125,0.03261,0.60900,0.59800,4278.70000,-0.96300,10.83300,102.42870,811.23297,40.76472,1.19163,Confirmed
TOI-174.03,248,12.16100,1.25182,312.47208,2.90268,,2.10209,0.09527,0.78000,0.69137,4813.00000,-0.63622,7.20700,25.46197,572.81344,7.65068,1.18784,Candidate
EPIC 212303338.01,249,0.59562,0.70773,38.60919,,,0.28151,0.01652,1.69400,1.04400,4945.00000,-0.23124,7.91200,2152.72492,1736.94999,10.58154,1.18743,Candidate
TOI-1207.01,250,2.62823,1.01268,79.44688,2.23765,,1.01676,0.03847,1.10000,1.10743,5992.00000,0.15361,8.26300,962.19704,1420.22183,12.41739,1.18546,Candidate
K2-187 c,251,2.87204,1.76087,390.00000,2.37600,,3.75180,0.03816,0.89900,0.90000,5404.00000,-0.20596,11.19600,427.31024,1159.38054,47.47821,1.17423,Confirmed
TOI-873.01,252,5.93135,1.73737,1090.80774,2.41567,,3.66717,0.05150,0.51785,0.52040,3694.00000,-1.34264,9.95100,17.13216,518.79196,26.68268,1.17081,Candidate
K2-130 b,253,2.49412,1.16892,304.00000,1.70400,,1.70041,0.03409,0.85000,0.69200,4286.00000,-0.83688,9.85800,125.24010,853.05303,25.52184,1.16888,Confirmed
K2-133 b,254,3.07133,1.33417,710.00000,1.22000,,2.34224,0.03192,0.46000,0.45800,3717.00000,-1.44280,10.27900,35.40397,622.01831,30.92992,1.16691,Confirmed
KOI-1169.01,255,0.68921,1.45006,195.00000,1.61690,,2.69803,0.01530,1.00500,1.04800,5692.00000,0.01900,11.71500,4465.63817,2084.54398,59.72415,1.16307,Candidate
KOI-2706.01,256,3.09757,1.76764,83.30000,4.58800,,3.77632,0.04737,1.47800,1.90400,6553.50000,0.78500,9.10900,2716.34884,1840.92699,17.94257,1.16022,Candidate
Kepler-113 b,257,4.75400,1.98617,748.70000,2.50370,11.70000,,0.05063,0.76600,0.75300,4679.60000,-0.60900,11.25500,95.99127,798.17498,48.08399,1.15733,Confirmed
Kepler-1203 b,258,0.58800,1.18859,297.40000,1.16270,,1.80522,0.01194,0.65700,0.68400,4191.90000,-0.88900,12.05900,905.55684,1398.84344,69.62371,1.15722,Confirmed
Kepler-20 b,259,3.69612,1.72790,396.70000,2.46300,9.70000,,0.04553,0.92200,0.88800,5438.40000,-0.20500,10.87100,300.82588,1061.98646,40.27256,1.15682,Confirmed
EPIC 211731298.01,260,1.99042,1.72976,404.82545,2.07360,,3.63995,0.03378,1.29800,0.78800,5204.00000,-0.38690,11.22800,359.56918,1110.41622,47.37182,1.15446,Candidate
TOI-283.01,261,17.61761,1.99494,580.00000,3.54900,,4.63730,0.12793,0.90000,0.81106,5245.00000,-0.34822,8.51700,27.40460,583.43980,13.57463,1.15288,Candidate
K2-209 b,262,2.08062,0.91551,125.85583,,,0.70826,0.03048,0.87300,0.74800,4659.00000,-0.62433,8.61300,255.58401,1019.58538,14.14950,1.14974,Confirmed
KOI-4419.01,263,0.25982,1.33829,231.50000,0.65130,,2.35451,0.00661,0.57100,0.57700,4021.50000,-1.10800,12.27200,1784.33500,1657.33110,75.91131,1.14384,Candidate
Kepler-1107 b,264,0.57104,1.29424,262.60000,1.04200,,2.22447,0.01267,0.83200,0.79200,4973.90000,-0.45900,12.15200,2165.17857,1739.45665,71.62975,1.14065,Confirmed
K2-226 b,265,3.27108,1.54169,270.00000,2.40000,,2.99383,0.04272,0.97200,0.91100,5310.00000,-0.22589,10.22300,325.74224,1083.32484,29.35876,1.13657,Confirmed
K2-38 b,266,4.01593,1.57728,160.00000,2.74080,19.06980,,0.04700,0.85900,1.14200,5654.00000,0.07945,9.47000,543.50414,1231.23484,20.69969,1.13350,Confirmed
Kepler-407 b,267,0.66931,1.09331,132.40000,1.60150,,1.33801,0.01504,1.01300,1.03200,5485.00000,-0.06000,10.91100,3850.82483,2008.76263,40.09713,1.13076,Confirmed
EPIC 218901589.01,268,1.65822,0.89527,109.30000,2.90400,,0.65372,0.02872,1.14900,0.95000,4963.00000,-0.30688,9.10100,598.19789,1261.10544,17.27010,1.12086,Candidate
EPIC 211383821.01,269,1.56699,1.42487,460.00000,2.11200,,2.61892,0.02388,0.74000,0.63800,4256.00000,-0.91966,11.50600,210.97453,971.84653,52.22087,1.11970,Candidate
EPIC 210852232.02,270,3.43827,1.88845,414.00000,0.80160,,4.22490,0.04056,0.75300,0.88700,5291.00000,-0.25531,11.24800,337.68066,1093.11720,46.03328,1.11155,Candidate
KOI-2542.01,271,0.72733,1.15556,357.40000,0.83230,,1.63179,0.01332,0.59600,0.61400,3879.40000,-1.11200,12.03200,435.50076,1164.89668,65.90957,1.10919,Candidate
TOI-805.01,272,4.11766,1.75212,2498.44556,1.43892,,3.72019,0.03189,0.25524,0.28113,3366.00000,-2.03904,10.83800,8.98653,441.50765,37.67702,1.09884,Candidate
TRAPPIST-1 c,273,2.42182,1.05600,6870.00000,0.70620,1.38000,,0.01521,0.08000,0.12000,2559.00000,-3.28100,10.29600,2.27000,313.00166,29.28212,1.09612,Confirmed
TOI-237.01,274,5.43373,1.71961,6530.70654,1.17258,,3.60375,0.03417,0.18029,0.21130,3210.00000,-2.36949,10.89600,3.65761,352.64652,38.27890,1.08697,Candidate
EPIC 249893012 b,275,3.59510,1.96939,109.25152,4.33000,8.75000,,0.04200,0.76500,1.72700,5498.00000,0.39010,9.71400,1391.57159,1557.45881,22.10002,1.08156,Confirmed
TOI-1706.02,276,7.40570,1.68835,290.92023,3.23028,,3.49326,0.07421,0.99400,0.96580,5617.00000,-0.07751,9.46800,151.91675,895.24437,19.68993,1.07920,Candidate
EPIC 210852232.01,277,1.93426,1.56417,278.00000,2.18400,,3.06832,0.02764,0.75300,0.88700,5291.00000,-0.25531,11.24800,727.12045,1324.16398,44.46445,1.07367,Candidate
Kepler-1446 b,278,0.68997,0.78501,121.30000,1.21350,,0.40814,0.01384,0.74300,0.71800,4616.80000,-0.67400,10.20400,1105.85660,1470.49951,27.48122,1.07323,Confirmed
K2-5 b,279,5.73594,1.95691,1496.00000,2.65400,,4.48821,0.05200,0.57000,0.58400,4039.00000,-1.08738,11.59500,30.24752,598.01575,52.05448,1.07131,Confirmed
Kepler-523 b,280,5.83598,1.89163,546.80000,2.06010,,4.23697,0.06065,0.87400,0.83000,5266.60000,-0.32000,10.82700,130.10785,861.22386,36.53942,1.07107,Confirmed
TOI-1680.01,281,4.80262,1.50418,4889.76582,1.16718,,2.87120,0.03160,0.18248,0.21346,3231.00000,-2.34933,10.82100,4.48084,371.00527,36.36395,1.06888,Candidate
TOI-1892.01,282,,1.40420,294.92139,5.06897,,2.55476,,0.95000,0.79529,5431.00000,-0.30474,8.81400,82.67481,768.92413,14.42663,1.06862,Candidate
K2-90 c,283,2.90071,1.46714,389.00000,1.30320,,2.75221,0.03464,0.65900,0.71100,3865.00000,-0.99297,10.36000,84.70322,773.59768,29.31249,1.06539,Confirmed
EPIC 219114906.01,284,1.81053,1.33120,326.00000,1.68000,,2.33338,0.02674,0.77800,0.70200,4366.00000,-0.79230,10.88400,225.65231,988.32578,37.17111,1.06136,Candidate
K2-37 b,285,4.44117,1.58348,358.00000,2.70600,,3.13291,0.05347,1.03400,0.83600,5009.00000,-0.40189,10.14200,138.64278,875.01298,26.35855,1.05920,Confirmed
K2-155 b,286,6.34200,1.81241,680.00000,2.40960,,3.94016,0.05614,0.58700,0.58400,3893.00000,-1.15134,9.49600,22.39034,554.69643,19.51018,1.05565,Confirmed
Kepler-755 b,287,1.26909,1.76686,340.90000,1.57360,,3.77349,0.02124,0.79400,0.77300,4897.00000,-0.50700,11.87900,689.59284,1306.73754,58.41819,1.05489,Confirmed
EPIC 212425103.01,288,0.94603,1.75330,399.53190,,,3.72446,0.01794,0.86100,0.80400,5391.00000,-0.30812,12.72000,1528.04682,1594.31579,85.98827,1.05414,Candidate
EPIC 212435047.01,289,1.11556,1.41637,145.57197,,,2.59245,0.02029,0.89600,1.07600,5881.00000,0.09612,10.90700,3029.63054,1891.85391,37.08696,1.04780,Candidate
Kepler-674 b,290,2.24338,1.81156,821.70000,1.02050,,3.93701,0.02855,0.61700,0.61100,4254.80000,-0.95500,12.39400,136.06156,870.91153,73.05846,1.04071,Confirmed
K2-148 b,291,4.38395,1.38700,537.00000,2.03040,,2.50186,0.04446,0.61000,0.65700,3979.00000,-1.01108,10.29200,49.31853,675.76036,27.25289,1.02204,Confirmed
Kepler-1039 b,292,0.93488,1.40476,282.60000,1.41740,,2.55648,0.01679,0.72300,0.71200,4573.30000,-0.69800,11.75300,710.71230,1316.62967,53.35094,1.02094,Confirmed
EPIC 218874453.01,293,2.17469,1.60667,251.00000,1.08000,,3.21118,0.03029,0.78400,0.96400,5665.00000,-0.06435,11.21500,939.80401,1411.88558,41.47492,1.01682,Candidate
K2-21 b,294,9.32504,1.89378,809.00000,2.37192,,4.24518,0.07541,0.65800,0.66900,3933.00000,-1.01556,9.41700,16.96503,517.52206,18.11619,1.01654,Confirmed
K2-233 c,295,7.06142,1.31335,273.43216,2.65000,,2.28051,0.07029,0.92900,0.72800,4755.00000,-0.61244,8.37500,49.41096,676.07675,11.14646,1.01063,Confirmed
K2-210 b,296,0.57023,0.83923,77.99746,,,0.51854,0.01327,0.95800,0.87100,5357.00000,-0.24958,9.91500,3198.16606,1917.63273,22.64906,1.01043,Confirmed
